2 0.445468 0.467322 0.152381 0.431288
2 0.227673 0.452617 0.152655 0.439384
2 0.857333 0.484958 0.165801 0.437001
2 0.653232 0.474117 0.159826 0.433312
2 0.330326 0.918451 0.0956426 0.163099
2 0.268927 0.91849 0.224394 0.160949
2 0.0955658 0.909823 0.0999209 0.180354
2 0.44375 0.926298 0.0881825 0.147403
2 0.498 0.468856 0.996 0.566475
2 0.527722 0.64171 0.0420946 0.0649014
2 0.195266 0.91727 0.0644754 0.165461
2 0.703085 0.462617 0.0475534 0.429999
2 0.807353 0.470074 0.0508265 0.461394
2 0.904816 0.483224 0.0406298 0.432917
