2 0.438709 0.447401 0.128402 0.389417
2 0.248106 0.457472 0.131793 0.416078
2 0.611024 0.444042 0.132529 0.388537
2 0.78069 0.437382 0.121874 0.379704
2 0.409663 0.910997 0.0900846 0.178006
2 0.514671 0.607646 0.0396721 0.0676739
2 0.455999 0.463702 0.911999 0.550121
2 0.10162 0.465176 0.0688628 0.431715
2 0.202283 0.920343 0.0939881 0.159314
2 0.102089 0.461508 0.0437556 0.4352
2 0.816923 0.445323 0.0442284 0.419445
2 0.424994 0.90685 0.0583515 0.186301
2 0.867416 0.435733 0.0470863 0.40513
2 0.0951916 0.461094 0.0450339 0.491605
2 0.364425 0.912355 0.185751 0.174511
2 0.287399 0.925099 0.0686367 0.149803
