2 0.540055 0.604157 0.0838508 0.791685
2 0.237284 0.493663 0.0919027 0.98012
2 0.343086 0.579811 0.0909849 0.840379
2 0.440773 0.59798 0.0854814 0.804039
2 0.838279 0.571432 0.088316 0.857136
2 0.338962 0.468216 0.0859871 0.936432
2 0.415554 0.227222 0.0412792 0.454443
2 0.317245 0.671744 0.146477 0.656512
2 0.641397 0.682661 0.0869511 0.634679
2 0.845186 0.764576 0.0551003 0.470847
2 0.124832 0.494545 0.10624 0.965016
2 0.643758 0.783742 0.0584652 0.432516
2 0.943578 0.578624 0.0988525 0.842751
2 0.426052 0.395523 0.0663063 0.766985
2 0.421256 0.321675 0.0576935 0.617406
2 0.656326 0.642194 0.105988 0.71044
2 0.0220395 0.537606 0.0440791 0.924788
2 0.644343 0.605517 0.089826 0.788965
2 0.940814 0.78415 0.0757368 0.4317
2 0.840313 0.670128 0.0843412 0.653844
2 0.469989 0.223833 0.0394994 0.447667
2 0.481789 0.224479 0.0362944 0.448958
2 0.0831397 0.607246 0.0545899 0.785509
2 0.435632 0.467342 0.0895638 0.934683
