2 0.627277 0.548456 0.0737585 0.283491
2 0.52238 0.540424 0.0795624 0.291805
2 0.741813 0.540347 0.0604431 0.304211
2 0.0999864 0.549472 0.0889113 0.284561
2 0.844524 0.537851 0.0678284 0.309048
2 0.436797 0.547945 0.0514365 0.277528
2 0.212089 0.544609 0.0736135 0.287024
2 0.325908 0.543843 0.0574838 0.285409
2 0.437588 0.550186 0.0354692 0.274521
2 0.307412 0.543796 0.0889055 0.287021
2 0.223154 0.549075 0.0593745 0.290876
2 0.402326 0.549987 0.10856 0.278049
2 0.951726 0.590619 0.0624489 0.182043
2 0.500812 0.563716 0.998375 0.4232
2 0.963869 0.592455 0.0386393 0.192699
2 0.525371 0.935896 0.106257 0.128209
2 0.0114838 0.463824 0.0229676 0.520265
2 0.509027 0.937169 0.0749245 0.125661
2 0.966722 0.506621 0.0402206 0.36503
2 0.0109404 0.538155 0.0218809 0.378732
2 0.578799 0.936346 0.0553465 0.127308
