2 0.718592 0.681406 0.051623 0.0540512
2 0.202324 0.329444 0.3836 0.31307
2 0.769719 0.679978 0.0444382 0.0512977
2 0.202041 0.40687 0.383767 0.472145
1 0.643479 0.206873 0.0693768 0.0634881
2 0.270972 0.941369 0.0512422 0.0872017
2 0.819734 0.679444 0.0463482 0.0522438
1 0.688519 0.394136 0.0501192 0.0445454
2 0.614092 0.981619 0.077359 0.0367627
2 0.594574 0.932019 0.0419601 0.0564585
2 0.643022 0.696184 0.034485 0.0778582
2 0.531129 0.9328 0.040266 0.0531401
2 0.804867 0.98376 0.0746151 0.032481
2 0.595628 0.938695 0.042353 0.0792822
2 0.329375 0.944961 0.0590028 0.0967369
