2 0.234316 0.314384 0.0469254 0.163727
2 0.307678 0.312261 0.0485156 0.171058
2 0.174365 0.313876 0.0521927 0.161764
2 0.365775 0.353808 0.0360935 0.0962255
2 0.369176 0.252418 0.0374863 0.0550124
2 0.413781 0.35289 0.0331701 0.102697
2 0.405365 0.351109 0.0207026 0.100526
2 0.415643 0.246279 0.0402531 0.0685224
2 0.309722 0.340513 0.044149 0.109065
2 0.366931 0.286564 0.0414633 0.128784
2 0.416824 0.333082 0.0429062 0.134234
2 0.298156 0.315089 0.320958 0.266262
2 0.233609 0.340643 0.0440012 0.106505
