0 0.9692500000000001 0.349824355971897 0.06152083333333334 0.038056206088992975
0 0.8482291666666666 0.352751756440281 0.07512500000000001 0.040983606557377046
0 0.7293125 0.3556791569086651 0.07352083333333333 0.040983606557377046
0 0.498875 0.3659250585480094 0.06570833333333333 0.038056206088992975
0 0.27416666666666667 0.3703161592505855 0.07772916666666667 0.038056206088992975
0 0.38220833333333337 0.3703161592505855 0.07514583333333333 0.040983606557377046
0 0.7462291666666666 0.5181498829039812 0.07089583333333334 0.040983606557377046
0 0.6217708333333333 0.5247423887587822 0.06991666666666667 0.042447306791569085
0 0.5105833333333334 0.5254683840749415 0.07352083333333333 0.040983606557377046
1 0.97575 0.6872131147540984 0.04847916666666666 0.060011709601873534
1 0.8300416666666667 0.6908665105386417 0.10116666666666667 0.06147540983606557
1 0.45639583333333333 0.6945316159250585 0.10377083333333334 0.060011709601873534
1 0.2845833333333333 0.6989227166276346 0.09856250000000001 0.060011709601873534
1 0.7488125 0.8650468384074942 0.09695833333333333 0.06440281030444965
1 0.5561666666666666 0.8665105386416861 0.0969375 0.0585480093676815
