0 0.9212083333333333 0.30005854800936765 0.07502083333333333 0.040983606557377046
0 0.7480625 0.30665105386416863 0.077625 0.039519906323185014
0 0.6426041666666666 0.3125058548009368 0.06987499999999999 0.033665105386416865
0 0.5410833333333334 0.3183606557377049 0.059416666666666666 0.033665105386416865
0 0.4004583333333333 0.3205503512880562 0.0646875 0.038056206088992975
0 0.30675 0.3271428571428571 0.059479166666666666 0.033665105386416865
0 0.22029166666666666 0.3300702576112412 0.0605 0.036592505854800936
0 0.9186041666666667 0.4032552693208431 0.07502083333333333 0.039519906323185014
0 0.7988333333333333 0.4061826697892272 0.064625 0.033665105386416865
0 0.6921041666666666 0.4098360655737705 0.06460416666666667 0.038056206088992975
0 0.5931666666666667 0.4127634660421546 0.06979166666666667 0.032201405152224825
0 0.4903125 0.4142271662763466 0.06720833333333333 0.0351288056206089
0 0.30752083333333335 0.4164168618266979 0.06310416666666667 0.033665105386416865
0 0.21510416666666668 0.41715456674473067 0.07610416666666667 0.0351288056206089
0 0.3978541666666667 0.4178805620608899 0.06470833333333333 0.036592505854800936
0 0.6895 0.509367681498829 0.06458333333333334 0.038056206088992975
0 0.5905416666666666 0.5101053864168619 0.06460416666666667 0.036592505854800936
0 0.20860416666666665 0.5108313817330211 0.06310416666666667 0.0351288056206089
0 0.39002083333333337 0.5115690866510538 0.06991666666666667 0.039519906323185014
0 0.48114583333333333 0.5115690866510538 0.0646875 0.036592505854800936
0 0.2989375 0.5122950819672131 0.06466666666666666 0.038056206088992975
0 0.8587291666666667 0.5137587822014051 0.0698125 0.038056206088992975
0 0.29320833333333335 0.6059718969555035 0.05529166666666666 0.0351288056206089
0 0.3848125 0.6059718969555035 0.06470833333333333 0.032201405152224825
0 0.48641666666666666 0.6096370023419204 0.06983333333333334 0.036592505854800936
0 0.5814374999999999 0.6103629976580797 0.05679166666666667 0.0351288056206089
0 0.6881875 0.6147540983606558 0.07241666666666666 0.040983606557377046
0 0.8040625 0.6184192037470726 0.06977083333333334 0.036592505854800936
1 0.2689791666666667 0.9045667447306791 0.09331249999999999 0.05562060889929742
1 0.41610416666666666 0.9140866510538642 0.07504166666666667 0.05122950819672131
1 0.5215625 0.9235948477751756 0.077625 0.05562060889929742
1 0.6322291666666667 0.9338407494145199 0.07497916666666667 0.049765807962529274
1 0.7936666666666666 0.9470140515222483 0.09577083333333333 0.06147540983606557
