0 0.6472083333333334 0.40859484777517563 0.035187500000000003 0.01927400468384075
0 0.5856458333333333 0.410807962529274 0.03291666666666667 0.018629976580796254
0 0.5386458333333334 0.4114519906323185 0.034687499999999996 0.019613583138173303
0 0.49133333333333334 0.41331381733021083 0.0329375 0.017985948477751756
0 0.4437916666666667 0.4139695550351288 0.036375000000000005 0.017985948477751756
0 0.39539583333333334 0.4145550351288056 0.03754166666666667 0.018629976580796254
0 0.33035416666666667 0.4171194379391101 0.032979166666666664 0.01927400468384075
0 0.6501874999999999 0.4336416861826698 0.03175 0.017985948477751756
0 0.3329583333333333 0.44183840749414516 0.034124999999999996 0.018629976580796254
0 0.6551458333333334 0.6642271662763466 0.03289583333333333 0.01605386416861827
0 0.5975625 0.6668852459016393 0.03177083333333333 0.017341920374707262
0 0.5519583333333333 0.6685948477751756 0.03291666666666667 0.018629976580796254
0 0.5063958333333333 0.6712997658079625 0.030645833333333334 0.017985948477751756
