0 0.6154166666666666 0.40224824355971894 0.028645833333333332 0.01607728337236534
0 0.552625 0.40415690866510534 0.030166666666666668 0.01572599531615925
0 0.5031458333333333 0.40598360655737703 0.0299375 0.016440281030444964
0 0.4561041666666667 0.40768149882903987 0.02802083333333333 0.016323185011709603
0 0.40839583333333335 0.40909836065573774 0.029333333333333333 0.016323185011709603
0 0.3591875 0.41092505854800937 0.029770833333333333 0.016440281030444964
0 0.2929375 0.412903981264637 0.029854166666666668 0.016311475409836067
0 0.6168750000000001 0.4272248243559719 0.02754166666666667 0.016323185011709603
0 0.29564583333333333 0.4396838407494145 0.029229166666666664 0.01680327868852459
0 0.6303333333333333 0.6619906323185012 0.028 0.01646370023419204
0 0.568875 0.6653044496487119 0.028458333333333332 0.015456674473067915
0 0.5230833333333333 0.6670257611241218 0.0278125 0.016405152224824356
0 0.476875 0.6694730679156908 0.0285 0.015351288056206088
0 0.4315833333333333 0.6721662763466042 0.029187499999999998 0.015960187353629977
0 0.38425 0.6745784543325527 0.028291666666666666 0.016428571428571428
0 0.32045833333333335 0.6777868852459017 0.0295625 0.016159250585480095
0 0.6305 0.6847423887587821 0.029333333333333333 0.01708430913348946
0 0.32393750000000004 0.7020140515222483 0.0288125 0.015784543325526933
