0 0.42260416666666667 0.2993325526932084 0.0568125 0.033665105386416865
0 0.5658333333333334 0.30372365339578455 0.06197916666666667 0.033665105386416865
0 0.705125 0.30518735362997657 0.059354166666666666 0.030737704918032786
0 0.8444375 0.3088407494145199 0.06191666666666666 0.0351288056206089
0 0.4213125 0.4025175644028103 0.05420833333333333 0.02927400468384075
0 0.7038333333333333 0.4047189695550351 0.056749999999999995 0.033665105386416865
0 0.5645208333333334 0.40544496487119436 0.059375 0.02927400468384075
0 0.8392291666666666 0.4069086651053864 0.05670833333333333 0.0351288056206089
0 0.5580208333333334 0.6030444964871194 0.05677083333333333 0.0351288056206089
0 0.6973125 0.6030444964871194 0.059354166666666666 0.0351288056206089
0 0.8340208333333333 0.6030444964871194 0.05670833333333333 0.0351288056206089
0 0.4187083333333333 0.6037822014051523 0.05420833333333333 0.033665105386416865
0 0.9655208333333333 0.6045081967213115 0.059270833333333335 0.0351288056206089
0 0.2689791666666667 0.6059718969555035 0.06727083333333334 0.0351288056206089
1 0.8991041666666667 0.7040398126463701 0.07752083333333333 0.0468384074941452
1 0.34189583333333334 0.705503512880562 0.08808333333333333 0.05269320843091335
1 0.4863958333333333 0.7077049180327869 0.08022916666666666 0.05122950819672131
1 0.7637083333333333 0.7077049180327869 0.08277083333333332 0.048302107728337235
1 0.8275 0.8021077283372365 0.0749375 0.049765807962529274
1 0.6960208333333333 0.8035714285714286 0.08279166666666667 0.05269320843091335
0 0.5541041666666667 0.8050351288056206 0.06458333333333334 0.0351288056206089
0 0.4108958333333333 0.8064988290398126 0.06983333333333334 0.038056206088992975
0 0.6244166666666667 0.9038290398126464 0.059375 0.02781030444964871
