0 0.6556458333333333 0.2707845433255269 0.06454166666666666 0.0351288056206089
0 0.5033333333333333 0.27298594847775176 0.07239583333333334 0.039519906323185014
0 0.3588125 0.27737704918032785 0.059416666666666666 0.033665105386416865
0 0.2025833333333333 0.28030444964871193 0.06464583333333333 0.036592505854800936
0 0.6660625 0.37837236533957846 0.059333333333333335 0.033665105386416865
0 0.5137291666666667 0.38276346604215455 0.06197916666666667 0.033665105386416865
0 0.3627083333333333 0.3871545667447307 0.062000000000000006 0.033665105386416865
0 0.213 0.3886182669789227 0.059437500000000004 0.033665105386416865
0 0.834 0.5847540983606557 0.06189583333333334 0.036592505854800936
0 0.6829791666666666 0.5884074941451991 0.06714583333333332 0.0351288056206089
0 0.5306666666666666 0.5942622950819673 0.06979166666666667 0.038056206088992975
0 0.38875 0.5957259953161592 0.062000000000000006 0.0351288056206089
0 0.23510416666666664 0.6030444964871194 0.06204166666666667 0.0351288056206089
0 0.07322916666666666 0.6096370023419204 0.0683125 0.042447306791569085
1 0.7650208333333333 0.6908665105386417 0.09060416666666667 0.05269320843091335
1 0.6153125 0.6967213114754098 0.08802083333333334 0.049765807962529274
1 0.32235416666666666 0.709168618266979 0.08547916666666668 0.054156908665105384
1 0.17004166666666667 0.715023419203747 0.088125 0.054156908665105384
1 0.6986041666666666 0.7977166276346604 0.08275 0.049765807962529274
1 0.5502083333333334 0.8057728337236534 0.08804166666666666 0.05122950819672131
0 0.4017916666666667 0.8123536299765808 0.06725 0.040983606557377046
0 0.25335416666666666 0.8204098360655737 0.07247916666666666 0.039519906323185014
0 0.489 0.9155503512880562 0.064625 0.039519906323185014
