0 0.736375 0.34250585480093676 0.06454166666666666 0.0351288056206089
0 0.5970624999999999 0.34763466042154567 0.07239583333333334 0.033665105386416865
0 0.4525625 0.35202576112412176 0.059416666666666666 0.033665105386416865
0 0.31195833333333334 0.35495316159250584 0.06464583333333333 0.036592505854800936
0 0.7467916666666666 0.44423887587822014 0.059333333333333335 0.033665105386416865
0 0.6074791666666666 0.4471662763466042 0.06197916666666667 0.033665105386416865
0 0.4642708333333333 0.4500936768149883 0.062000000000000006 0.033665105386416865
0 0.31977083333333334 0.45594847775175645 0.05422916666666667 0.033665105386416865
0 0.9173333333333333 0.6403747072599532 0.06189583333333334 0.036592505854800936
0 0.7715208333333333 0.6454918032786885 0.06714583333333332 0.0351288056206089
0 0.6270208333333334 0.6498829039812647 0.059375 0.038056206088992975
0 0.48510416666666667 0.6557377049180327 0.062000000000000006 0.0351288056206089
0 0.3392916666666667 0.6601288056206089 0.06204166666666667 0.0351288056206089
0 0.19216666666666665 0.6659836065573771 0.06989583333333332 0.038056206088992975
1 0.85225 0.7472248243559719 0.08272916666666667 0.048302107728337235
1 0.7103541666666667 0.7523419203747073 0.08537499999999999 0.05269320843091335
1 0.4187083333333333 0.7611241217798594 0.08545833333333334 0.049765807962529274
1 0.27289583333333334 0.7684426229508197 0.08549999999999999 0.05562060889929742
1 0.7923541666666666 0.8482201405152224 0.08275 0.048302107728337235
1 0.6491458333333333 0.8570023419203747 0.08279166666666667 0.05122950819672131
0 0.4994166666666667 0.8635831381733021 0.06460416666666667 0.038056206088992975
0 0.3549166666666667 0.8716393442622951 0.06725 0.036592505854800936
0 0.5853541666666667 0.9653161592505854 0.05416666666666667 0.030737704918032786
