0 0.47129166666666666 0.34182669789227166 0.035187500000000003 0.01927400468384075
0 0.4049166666666667 0.3446604215456674 0.03291666666666667 0.018629976580796254
0 0.3567708333333333 0.3462295081967213 0.034687499999999996 0.019613583138173303
0 0.3061666666666667 0.34752927400468386 0.0329375 0.017985948477751756
0 0.2548333333333333 0.34940281030444964 0.03104166666666667 0.01752927400468384
0 0.20545833333333335 0.3509367681498829 0.03320833333333333 0.01806791569086651
0 0.13510416666666666 0.3530913348946136 0.033791666666666664 0.019039812646370027
0 0.47445833333333337 0.36923887587822013 0.030520833333333334 0.018278688524590164
0 0.13916666666666666 0.3799648711943794 0.03291666666666667 0.019519906323185014
0 0.28972916666666665 0.6191217798594848 0.03075 0.017353629976580798
0 0.24262499999999998 0.622096018735363 0.03245833333333333 0.01737704918032787
0 0.17483333333333334 0.6259016393442622 0.03139583333333333 0.01646370023419204
0 0.17672916666666666 0.6493793911007026 0.03302083333333333 0.015245901639344262
