0 0.5775208333333333 0.2576112412177986 0.06454166666666666 0.0351288056206089
0 0.4278125 0.2627400468384075 0.07239583333333334 0.039519906323185014
0 0.272875 0.26566744730679154 0.059416666666666666 0.033665105386416865
0 0.11666666666666667 0.26566744730679154 0.06464583333333333 0.036592505854800936
0 0.5853333333333333 0.3637353629976581 0.059333333333333335 0.033665105386416865
0 0.4408125 0.36959016393442623 0.06197916666666667 0.033665105386416865
0 0.28197916666666667 0.3739812646370023 0.062000000000000006 0.033665105386416865
0 0.12708333333333333 0.3769086651053864 0.059437500000000004 0.033665105386416865
0 0.7610833333333333 0.5715807962529273 0.06189583333333334 0.036592505854800936
0 0.6126666666666666 0.5737704918032787 0.06714583333333332 0.0351288056206089
0 0.4590625 0.5840163934426229 0.06197916666666667 0.038056206088992975
0 0.310625 0.5898711943793911 0.062000000000000006 0.0351288056206089
0 0.15179166666666666 0.5927985948477752 0.06204166666666667 0.0351288056206089
0 0.018541666666666668 0.6037822014051523 0.0370625 0.042447306791569085
1 0.6999166666666666 0.6835480093676815 0.09060416666666667 0.05269320843091335
1 0.5502083333333334 0.6908665105386417 0.08802083333333334 0.049765807962529274
1 0.23641666666666666 0.699648711943794 0.095875 0.05562060889929742
1 0.08149999999999999 0.7069672131147541 0.09331249999999999 0.0585480093676815
1 0.6282916666666666 0.7874707259953162 0.08275 0.049765807962529274
1 0.48510416666666667 0.7969906323185012 0.08804166666666666 0.05122950819672131
0 0.17525000000000002 0.8138173302107728 0.0725 0.040983606557377046
0 0.42260416666666667 0.906768149882904 0.0568125 0.039519906323185014
