0 0.74675 0.2810304449648712 0.06454166666666666 0.0351288056206089
0 0.5944375 0.283231850117096 0.07239583333333334 0.039519906323185014
0 0.4395208333333333 0.28908665105386416 0.059416666666666666 0.033665105386416865
0 0.2937083333333333 0.2905503512880562 0.06464583333333333 0.036592505854800936
0 0.7545625 0.38569086651053863 0.059333333333333335 0.033665105386416865
0 0.6048333333333333 0.3930093676814988 0.06197916666666667 0.033665105386416865
0 0.4538125 0.3959367681498829 0.062000000000000006 0.033665105386416865
0 0.29891666666666666 0.40179156908665103 0.059437500000000004 0.033665105386416865
0 0.9277083333333334 0.592072599531616 0.06189583333333334 0.036592505854800936
0 0.7740833333333333 0.5957259953161592 0.06714583333333332 0.0351288056206089
0 0.6217708333333333 0.6015807962529274 0.06979166666666667 0.038056206088992975
0 0.4746666666666667 0.6059718969555035 0.062000000000000006 0.0351288056206089
0 0.323625 0.6118266978922716 0.06204166666666667 0.0351288056206089
0 0.17477083333333335 0.6198829039812647 0.0683125 0.042447306791569085
1 0.8613333333333333 0.702576112412178 0.09060416666666667 0.05269320843091335
1 0.7090208333333333 0.7040398126463701 0.08802083333333334 0.049765807962529274
1 0.4160833333333333 0.7194145199063232 0.08547916666666668 0.054156908665105384
1 0.25595833333333334 0.7252693208430914 0.088125 0.054156908665105384
1 0.8053333333333333 0.8094262295081968 0.08275 0.049765807962529274
1 0.6517291666666666 0.8145550351288056 0.08804166666666666 0.05122950819672131
0 0.5033125 0.822599531615925 0.06725 0.040983606557377046
0 0.3470833333333333 0.8248009367681499 0.07247916666666666 0.039519906323185014
0 0.5879166666666666 0.9243325526932085 0.064625 0.039519906323185014
