0 0.908125 0.3886182669789227 0.059416666666666666 0.033665105386416865
0 0.7675208333333334 0.39447306791569087 0.06464583333333333 0.036592505854800936
0 0.9328541666666667 0.48668618266978925 0.062000000000000006 0.033665105386416865
0 0.7909583333333334 0.4954683840749414 0.059437500000000004 0.033665105386416865
0 0.969 0.6967213114754098 0.062000000000000006 0.0351288056206089
0 0.8286874999999999 0.702576112412178 0.06204166666666667 0.0351288056206089
0 0.6824583333333333 0.709168618266979 0.0683125 0.042447306791569085
1 0.9185416666666666 0.8072365339578454 0.08547916666666668 0.054156908665105384
1 0.7688124999999999 0.8160187353629976 0.088125 0.054156908665105384
0 0.982 0.8987119437939111 0.036000000000000004 0.040983606557377046
0 0.8625833333333334 0.9170140515222482 0.07247916666666666 0.039519906323185014
