0 0.26635416666666667 0.3271428571428571 0.0568125 0.033665105386416865
0 0.4095833333333333 0.3271428571428571 0.06197916666666667 0.033665105386416865
0 0.548875 0.3286065573770492 0.059354166666666666 0.030737704918032786
0 0.6829791666666666 0.32933255269320844 0.06191666666666666 0.0351288056206089
0 0.5553958333333333 0.42813817330210774 0.056749999999999995 0.033665105386416865
0 0.27547916666666666 0.428864168618267 0.05420833333333333 0.02927400468384075
0 0.4160833333333333 0.428864168618267 0.059375 0.02927400468384075
0 0.6829791666666666 0.428864168618267 0.05670833333333333 0.0351288056206089
0 0.8275 0.6191451990632318 0.059270833333333335 0.0351288056206089
0 0.696 0.622072599531616 0.05670833333333333 0.0351288056206089
0 0.5671041666666666 0.6264637002341921 0.059354166666666666 0.0351288056206089
0 0.4252083333333333 0.6323185011709602 0.05677083333333333 0.0351288056206089
0 0.2806875 0.6359836065573771 0.05420833333333333 0.033665105386416865
0 0.12314583333333333 0.6425644028103045 0.06727083333333334 0.0351288056206089
1 0.7715 0.7172131147540983 0.07752083333333333 0.0468384074941452
1 0.6413125 0.7252693208430914 0.08277083333333332 0.048302107728337235
1 0.364 0.7355152224824356 0.08022916666666666 0.05122950819672131
1 0.20908333333333334 0.7464871194379391 0.08808333333333333 0.05269320843091335
1 0.7129166666666666 0.822599531615925 0.0749375 0.049765807962529274
1 0.5762291666666666 0.8313817330210773 0.08279166666666667 0.05269320843091335
0 0.442125 0.8387002341920374 0.06458333333333334 0.0351288056206089
0 0.2937083333333333 0.8460187353629977 0.06983333333333334 0.038056206088992975
0 0.5176458333333334 0.9345667447306791 0.059375 0.02781030444964871
