0 0.6465 0.4127634660421546 0.06727083333333334 0.0351288056206089
0 0.5253958333333333 0.41715456674473067 0.07512500000000001 0.040983606557377046
0 0.4012291666666667 0.4230093676814988 0.07352083333333333 0.040983606557377046
0 0.16564583333333335 0.42959016393442623 0.06570833333333333 0.039519906323185014
0 0.05416666666666667 0.4376463700234192 0.07514583333333333 0.040983606557377046
0 0.4103541666666667 0.5913348946135831 0.07089583333333334 0.040983606557377046
0 0.2937083333333333 0.596463700234192 0.06991666666666667 0.042447306791569085
0 0.17735416666666665 0.6001170960187353 0.07352083333333333 0.040983606557377046
1 0.67775 0.7699063231850117 0.09331249999999999 0.0585480093676815
1 0.49156249999999996 0.7735714285714286 0.10116666666666667 0.054156908665105384
1 0.12056249999999999 0.7838173302107728 0.10377083333333334 0.060011709601873534
1 0.21770833333333334 0.9645784543325527 0.0969375 0.0585480093676815
1 0.40775 0.9660421545667447 0.09695833333333333 0.06440281030444965
