0 0.6331458333333334 0.45104215456674474 0.028645833333333332 0.01607728337236534
0 0.5741458333333332 0.4537353629976581 0.030166666666666668 0.01572599531615925
0 0.5291875 0.45399297423887586 0.0299375 0.016440281030444964
0 0.48510416666666667 0.45501170960187354 0.02802083333333333 0.016323185011709603
0 0.44033333333333335 0.45659250585480093 0.029333333333333333 0.016323185011709603
0 0.39516666666666667 0.45784543325526933 0.029770833333333333 0.016440281030444964
0 0.3345208333333333 0.45946135831381735 0.029854166666666668 0.016311475409836067
0 0.6345 0.4750936768149883 0.0301875 0.018548009367681497
0 0.6411666666666667 0.6954332552693209 0.028 0.01646370023419204
0 0.584875 0.6976814988290398 0.028458333333333332 0.015456674473067915
0 0.5413333333333333 0.6992974238875879 0.0278125 0.016405152224824356
0 0.49768749999999995 0.7013700234192037 0.0285 0.015351288056206088
0 0.4549583333333333 0.70307962529274 0.028687499999999998 0.014836065573770492
0 0.40987500000000004 0.7049531615925059 0.027791666666666666 0.015585480093676815
0 0.35052083333333334 0.7074707259953161 0.0295625 0.016159250585480095
0 0.6432916666666666 0.7177400468384075 0.029333333333333333 0.01708430913348946
0 0.3525625 0.7302576112412178 0.0288125 0.015784543325526933
