0 0.6639166666666667 0.3443911007025761 0.028645833333333332 0.01607728337236534
0 0.599125 0.3470843091334895 0.03179166666666667 0.016639344262295082
0 0.5510416666666667 0.3478220140515223 0.0299375 0.016440281030444964
0 0.5015208333333333 0.3491569086651054 0.0301875 0.017540983606557377
0 0.4515625 0.3505269320843092 0.029333333333333333 0.016323185011709603
0 0.4023125 0.35217798594847777 0.0319375 0.018571428571428572
0 0.33514583333333337 0.35339578454332554 0.0304375 0.017634660421545666
0 0.6642708333333334 0.3713466042154567 0.029708333333333333 0.018149882903981264
0 0.3375625 0.3803629976580796 0.030395833333333334 0.017131147540983608
0 0.6692083333333334 0.6092037470725995 0.028 0.01646370023419204
0 0.60875 0.6118032786885246 0.028458333333333332 0.015456674473067915
0 0.561875 0.6132903981264637 0.0278125 0.016405152224824356
0 0.5160625 0.6149180327868853 0.029666666666666668 0.01633489461358314
0 0.47127083333333336 0.6165339578454332 0.029187499999999998 0.015960187353629977
0 0.42285416666666664 0.6191803278688525 0.028291666666666666 0.016428571428571428
0 0.36014583333333333 0.6217213114754099 0.0295625 0.016159250585480095
0 0.6699166666666667 0.6327985948477751 0.029333333333333333 0.01617096018735363
0 0.36133333333333334 0.6457259953161593 0.0288125 0.015784543325526933
