0 0.9394375 0.2576112412177986 0.07502083333333333 0.040983606557377046
0 0.7715 0.26566744730679154 0.077625 0.039519906323185014
0 0.6608333333333333 0.2700585480093677 0.06987499999999999 0.033665105386416865
0 0.5541041666666667 0.27591334894613584 0.059416666666666666 0.033665105386416865
0 0.4134791666666667 0.28249414519906324 0.0646875 0.038056206088992975
0 0.322375 0.2846955503512881 0.059479166666666666 0.033665105386416865
0 0.23070833333333332 0.2905503512880562 0.0605 0.036592505854800936
0 0.8170625 0.36227166276346606 0.064625 0.033665105386416865
0 0.9342291666666667 0.3637353629976581 0.07502083333333333 0.039519906323185014
0 0.7103333333333333 0.3644613583138173 0.06460416666666667 0.038056206088992975
0 0.6035833333333334 0.37177985948477754 0.06979166666666667 0.032201405152224825
0 0.5033333333333333 0.37324355971896955 0.06720833333333333 0.0351288056206089
0 0.40439583333333334 0.37763466042154564 0.0568125 0.0351288056206089
0 0.31793750000000004 0.37836065573770494 0.06310416666666667 0.033665105386416865
0 0.22472916666666667 0.37837236533957846 0.06208333333333334 0.030737704918032786
0 0.7025208333333333 0.468384074941452 0.06458333333333334 0.038056206088992975
0 0.87175 0.468384074941452 0.0698125 0.038056206088992975
0 0.2208125 0.4691217798594848 0.059479166666666666 0.033665105386416865
0 0.4017916666666667 0.469847775175644 0.0568125 0.032201405152224825
0 0.31064583333333334 0.47204918032786886 0.05164583333333333 0.033665105386416865
0 0.49677083333333333 0.47204918032786886 0.0646875 0.036592505854800936
0 0.6009583333333333 0.47204918032786886 0.06460416666666667 0.036592505854800936
0 0.3002291666666667 0.5642622950819672 0.056854166666666664 0.036592505854800936
0 0.3952291666666667 0.5649882903981265 0.06470833333333333 0.032201405152224825
0 0.491625 0.5686533957845433 0.06983333333333334 0.036592505854800936
0 0.5944583333333333 0.5693793911007026 0.05679166666666667 0.0351288056206089
0 0.7012083333333333 0.5723067915690867 0.07241666666666666 0.040983606557377046
0 0.811875 0.5730444964871194 0.06977083333333334 0.036592505854800936
1 0.28200000000000003 0.8555386416861827 0.08289583333333334 0.060011709601873534
1 0.4278125 0.867248243559719 0.07764583333333334 0.05122950819672131
1 0.5228541666666666 0.8760304449648711 0.07502083333333333 0.04537470725995316
1 0.6361249999999999 0.8811475409836066 0.07758333333333334 0.049765807962529274
1 0.7975625 0.8950585480093677 0.09316666666666666 0.05708430913348946
1 0.27289583333333334 0.9550702576112412 0.08029166666666666 0.048302107728337235
1 0.42 0.9689695550351288 0.06722916666666667 0.0468384074941452
1 0.5215625 0.976440281030445 0.07241666666666666 0.0471311475409836
1 0.6764791666666666 0.9830210772833724 0.07497916666666667 0.03395784543325527
1 0.7962708333333333 0.9874121779859485 0.0905625 0.025175644028103045
