0 0.6816875 0.272248243559719 0.06454166666666666 0.0351288056206089
0 0.3796458333333333 0.2788407494145199 0.059416666666666666 0.033665105386416865
0 0.5371666666666666 0.2788407494145199 0.07239583333333334 0.039519906323185014
0 0.23122916666666665 0.28030444964871193 0.06464583333333333 0.036592505854800936
0 0.5397708333333333 0.3798360655737705 0.06197916666666667 0.033665105386416865
0 0.6816875 0.3798360655737705 0.059333333333333335 0.033665105386416865
0 0.23904166666666665 0.3842271662763466 0.059437500000000004 0.033665105386416865
0 0.38875 0.3842271662763466 0.062000000000000006 0.033665105386416865
0 0.8444166666666667 0.5803629976580796 0.06189583333333334 0.036592505854800936
0 0.696 0.585480093676815 0.06714583333333332 0.0351288056206089
0 0.5476041666666667 0.5898711943793911 0.06197916666666667 0.038056206088992975
0 0.4017708333333333 0.5927985948477752 0.062000000000000006 0.0351288056206089
0 0.25075 0.5971896955503513 0.06204166666666667 0.0351288056206089
0 0.09581250000000001 0.6045081967213115 0.06989583333333332 0.038056206088992975
1 0.7728333333333333 0.6850117096018735 0.08533333333333333 0.05269320843091335
1 0.6296250000000001 0.6923302107728337 0.09058333333333332 0.05562060889929742
1 0.33016666666666666 0.702576112412178 0.095875 0.05562060889929742
1 0.17785416666666667 0.7069672131147541 0.09331249999999999 0.0585480093676815
1 0.7038125 0.7918618266978923 0.08275 0.049765807962529274
1 0.5553958333333333 0.7984543325526932 0.08279166666666667 0.05122950819672131
0 0.2585625 0.8013817330210773 0.056854166666666664 0.024882903981264637
0 0.4212916666666667 0.8050351288056206 0.06460416666666667 0.038056206088992975
0 0.4942083333333333 0.9082318501170961 0.05416666666666667 0.030737704918032786
