0 0.9249791666666667 0.3966627634660422 0.06152083333333334 0.038056206088992975
0 0.8013541666666666 0.3981264637002342 0.07512500000000001 0.040983606557377046
0 0.6772083333333333 0.40105386416861827 0.07352083333333333 0.040983606557377046
0 0.4363958333333333 0.40617096018735366 0.06570833333333333 0.039519906323185014
0 0.3197291666666667 0.4112997658079625 0.07514583333333333 0.040983606557377046
0 0.203875 0.4127634660421546 0.07772916666666667 0.038056206088992975
0 0.694125 0.5708430913348946 0.07089583333333334 0.040983606557377046
0 0.561875 0.5730444964871194 0.06991666666666667 0.042447306791569085
0 0.4455 0.5766978922716628 0.07352083333333333 0.040983606557377046
1 0.9523125 0.7486885245901639 0.09535416666666667 0.060011709601873534
1 0.7597291666666667 0.7494145199063232 0.10116666666666667 0.06147540983606557
1 0.39129166666666665 0.751615925058548 0.10377083333333334 0.060011709601873534
1 0.20647916666666666 0.7530796252927401 0.09856250000000001 0.060011709601873534
1 0.485875 0.9338407494145199 0.0969375 0.0585480093676815
1 0.6733125 0.935304449648712 0.09695833333333333 0.06440281030444965
