0 0.7168333333333333 0.3439695550351288 0.06191666666666666 0.0351288056206089
0 0.3002083333333333 0.3447072599531616 0.0568125 0.033665105386416865
0 0.4408333333333333 0.3461709601873536 0.06197916666666667 0.033665105386416865
0 0.580125 0.3461709601873536 0.059354166666666666 0.030737704918032786
0 0.7168333333333333 0.4435011709601874 0.05670833333333333 0.0351288056206089
0 0.3093125 0.4449648711943794 0.05420833333333333 0.02927400468384075
0 0.4473333333333333 0.44642857142857145 0.059375 0.02927400468384075
0 0.5892499999999999 0.4471662763466042 0.056749999999999995 0.033665105386416865
0 0.8665625 0.6367096018735363 0.059270833333333335 0.0351288056206089
0 0.7350625 0.6381733021077284 0.05670833333333333 0.0351288056206089
0 0.6009583333333333 0.6440281030444965 0.059354166666666666 0.0351288056206089
0 0.4590625 0.6484192037470726 0.05677083333333333 0.0351288056206089
0 0.3119375 0.6550117096018735 0.05420833333333333 0.033665105386416865
0 0.16220833333333334 0.663056206088993 0.06727083333333334 0.0351288056206089
1 0.8105625 0.7377049180327869 0.07752083333333333 0.0468384074941452
1 0.6725625 0.7457611241217799 0.08277083333333332 0.048302107728337235
1 0.39525 0.7574707259953162 0.08022916666666666 0.05122950819672131
1 0.24554166666666666 0.7669789227166276 0.08808333333333333 0.05269320843091335
1 0.7545833333333333 0.8416276346604216 0.0749375 0.049765807962529274
1 0.6126874999999999 0.8489461358313818 0.08279166666666667 0.05269320843091335
0 0.4785833333333333 0.8562646370023419 0.06458333333333334 0.0351288056206089
0 0.335375 0.8679742388758782 0.06983333333333334 0.038056206088992975
0 0.5567083333333334 0.9579859484777518 0.059375 0.02781030444964871
