0 0.7389583333333333 0.2854215456674473 0.07502083333333333 0.040983606557377046
0 0.5762291666666666 0.29201405152224824 0.077625 0.039519906323185014
0 0.4603541666666667 0.2978688524590164 0.06987499999999999 0.033665105386416865
0 0.2182083333333333 0.31030444964871196 0.0646875 0.038056206088992975
0 0.03154166666666667 0.3168969555035129 0.0526875 0.036592505854800936
0 0.11929166666666666 0.3168969555035129 0.059479166666666666 0.033665105386416865
0 0.73375 0.3886182669789227 0.07502083333333333 0.039519906323185014
0 0.6165833333333333 0.3966627634660422 0.06460416666666667 0.038056206088992975
0 0.5098333333333334 0.400327868852459 0.064625 0.033665105386416865
0 0.21560416666666665 0.40909836065573774 0.06470833333333333 0.036592505854800936
0 0.12266666666666667 0.40909836065573774 0.057895833333333334 0.036592505854800936
0 0.034145833333333334 0.41057377049180327 0.06829166666666667 0.039519906323185014
0 0.6764791666666666 0.5020491803278688 0.0698125 0.038056206088992975
0 0.5150416666666666 0.5064402810304449 0.0698125 0.040983606557377046
0 0.1140625 0.5071779859484777 0.06991666666666667 0.039519906323185014
0 0.213 0.5086416861826698 0.0646875 0.036592505854800936
0 0.0315625 0.5086416861826698 0.0526875 0.036592505854800936
0 0.10575 0.6059718969555035 0.05529166666666666 0.0351288056206089
0 0.19995833333333335 0.6067096018735363 0.06470833333333333 0.036592505854800936
0 0.5085416666666667 0.6118266978922716 0.07241666666666666 0.040983606557377046
0 0.6270208333333334 0.6140281030444965 0.07497916666666667 0.042447306791569085
1 0.2364375 0.9287236533957846 0.08549999999999999 0.054156908665105384
1 0.33797916666666666 0.9375058548009367 0.0750625 0.054156908665105384
1 0.4499583333333333 0.9440866510538641 0.08025 0.05562060889929742
1 0.6192083333333334 0.9594613583138173 0.10102083333333334 0.060011709601873534
