0 0.9692291666666667 0.3937353629976581 0.06152083333333334 0.038056206088992975
0 0.8560208333333333 0.3981264637002342 0.07512500000000001 0.040983606557377046
0 0.7188541666666667 0.4025175644028103 0.07352083333333333 0.040983606557377046
0 0.4780416666666667 0.4047072599531616 0.06570833333333333 0.039519906323185014
0 0.3639791666666667 0.4112997658079625 0.07514583333333333 0.040983606557377046
0 0.24552083333333333 0.4142271662763466 0.07772916666666667 0.038056206088992975
0 0.7331875 0.5708430913348946 0.07089583333333334 0.040983606557377046
0 0.6087291666666667 0.5730444964871194 0.06991666666666667 0.042447306791569085
0 0.48975 0.5766978922716628 0.07352083333333333 0.040983606557377046
1 0.9731458333333334 0.750152224824356 0.05370833333333334 0.060011709601873534
1 0.8065833333333334 0.7523419203747073 0.10116666666666667 0.06147540983606557
1 0.42774999999999996 0.7530796252927401 0.10377083333333334 0.060011709601873534
1 0.2429375 0.754543325526932 0.09856250000000001 0.060011709601873534
1 0.5301250000000001 0.936768149882904 0.0969375 0.0585480093676815
1 0.725375 0.939695550351288 0.09695833333333333 0.06440281030444965
