0 0.6318333333333332 0.437751756440281 0.028645833333333332 0.01607728337236534
0 0.5721666666666666 0.4387470725995316 0.030166666666666668 0.01572599531615925
0 0.5278125 0.44059718969555034 0.0299375 0.016440281030444964
0 0.48175 0.4412763466042155 0.02802083333333333 0.016323185011709603
0 0.43635416666666665 0.4433606557377049 0.029333333333333333 0.016323185011709603
0 0.39014583333333336 0.44401639344262295 0.029770833333333333 0.016440281030444964
0 0.32839583333333333 0.4454566744730679 0.029854166666666668 0.016311475409836067
0 0.6323958333333334 0.4610655737704918 0.02754166666666667 0.016323185011709603
0 0.33089583333333333 0.47069086651053865 0.029229166666666664 0.01680327868852459
0 0.6412708333333333 0.6845784543325527 0.028 0.01646370023419204
0 0.5832916666666667 0.6863817330210772 0.028458333333333332 0.015456674473067915
0 0.53975 0.6884074941451991 0.0278125 0.016405152224824356
0 0.4966458333333333 0.690480093676815 0.0285 0.015351288056206088
0 0.45233333333333337 0.6917330210772834 0.029187499999999998 0.015960187353629977
0 0.40660416666666666 0.693711943793911 0.028291666666666666 0.016428571428571428
0 0.34795833333333337 0.6975409836065575 0.0295625 0.016159250585480095
0 0.6415833333333333 0.7062529274004684 0.029333333333333333 0.01708430913348946
0 0.3505625 0.7202810304449648 0.0288125 0.015784543325526933
