0 0.6496875000000001 0.3981733021077284 0.035187500000000003 0.01927400468384075
0 0.5868749999999999 0.399695550351288 0.03291666666666667 0.018629976580796254
0 0.5386458333333334 0.4010304449648712 0.034687499999999996 0.019613583138173303
0 0.4901041666666667 0.40220140515222486 0.0329375 0.017985948477751756
0 0.44131250000000005 0.40285714285714286 0.036375000000000005 0.017985948477751756
0 0.39416666666666667 0.4034426229508197 0.03754166666666667 0.018629976580796254
0 0.329125 0.40530444964871193 0.032979166666666664 0.01927400468384075
0 0.6501874999999999 0.4239110070257611 0.03175 0.017985948477751756
0 0.33047916666666666 0.4314168618266979 0.034124999999999996 0.018629976580796254
0 0.6526666666666666 0.6551990632318501 0.03289583333333333 0.01605386416861827
0 0.5938541666666667 0.6578571428571428 0.03177083333333333 0.017341920374707262
0 0.54825 0.6588641686182669 0.03291666666666667 0.018629976580796254
0 0.5014583333333333 0.6608782201405152 0.030645833333333334 0.017985948477751756
