0 0.9394375 0.2693208430913349 0.07502083333333333 0.040983606557377046
0 0.7688958333333333 0.27737704918032785 0.077625 0.039519906323185014
0 0.6582291666666666 0.283231850117096 0.06987499999999999 0.033665105386416865
0 0.5541041666666667 0.28908665105386416 0.059416666666666666 0.033665105386416865
0 0.4160833333333333 0.2927400468384075 0.0646875 0.038056206088992975
0 0.322375 0.2949414519906323 0.059479166666666666 0.033665105386416865
0 0.23070833333333332 0.3007962529274005 0.0605 0.036592505854800936
0 0.9342291666666667 0.3754449648711944 0.07502083333333333 0.039519906323185014
0 0.8144583333333333 0.37837236533957846 0.064625 0.033665105386416865
0 0.7077291666666666 0.3820257611241218 0.06460416666666667 0.038056206088992975
0 0.6035833333333334 0.38495316159250587 0.06979166666666667 0.032201405152224825
0 0.5007291666666667 0.3864168618266979 0.06720833333333333 0.0351288056206089
0 0.31793750000000004 0.3886065573770492 0.06310416666666667 0.033665105386416865
0 0.40439583333333334 0.38934426229508196 0.0568125 0.0351288056206089
0 0.7025208333333333 0.47862997658079626 0.06458333333333334 0.038056206088992975
0 0.4017916666666667 0.48155737704918034 0.0568125 0.032201405152224825
0 0.87175 0.48155737704918034 0.0698125 0.038056206088992975
0 0.3080416666666667 0.4822950819672131 0.05164583333333333 0.033665105386416865
0 0.49156249999999996 0.48375878220140517 0.0646875 0.036592505854800936
0 0.59575 0.48375878220140517 0.06460416666666667 0.036592505854800936
0 0.3002291666666667 0.5730444964871194 0.056854166666666664 0.036592505854800936
0 0.39783333333333337 0.5752341920374707 0.06470833333333333 0.032201405152224825
0 0.4890208333333333 0.5759718969555035 0.06983333333333334 0.036592505854800936
0 0.5918541666666666 0.582552693208431 0.05679166666666667 0.0351288056206089
0 0.6986041666666666 0.585480093676815 0.07241666666666666 0.040983606557377046
0 0.811875 0.5862177985948478 0.06977083333333334 0.036592505854800936
1 0.2755 0.868711943793911 0.07508333333333334 0.054156908665105384
1 0.42 0.8782201405152225 0.07764583333333334 0.05269320843091335
1 0.5254583333333334 0.8862763466042155 0.07502083333333333 0.054156908665105384
1 0.6374375000000001 0.8979859484777517 0.06977083333333334 0.048302107728337235
1 0.7975625 0.9111592505854801 0.09316666666666666 0.05708430913348946
1 0.2767916666666667 0.9682435597189696 0.07247916666666666 0.05122950819672131
1 0.41479166666666667 0.977751756440281 0.06722916666666667 0.043911007025761124
1 0.52025 0.9830210772833724 0.06460416666666667 0.03395784543325527
