0 0.6412291666666667 0.3851053864168618 0.035187500000000003 0.01927400468384075
0 0.5742083333333333 0.38662763466042155 0.03291666666666667 0.018629976580796254
0 0.47424999999999995 0.38795081967213113 0.0329375 0.017985948477751756
0 0.5249166666666667 0.38796252927400465 0.034687499999999996 0.019613583138173303
0 0.4254583333333333 0.38978922716627634 0.036375000000000005 0.017985948477751756
0 0.3741041666666666 0.39037470725995316 0.03754166666666667 0.018629976580796254
0 0.30589583333333337 0.39105386416861826 0.032979166666666664 0.01927400468384075
0 0.6417291666666666 0.41203747072599534 0.03175 0.017985948477751756
0 0.30724999999999997 0.41834894613583135 0.034124999999999996 0.018629976580796254
0 0.64 0.6516393442622951 0.03289583333333333 0.01605386416861827
0 0.5769583333333334 0.6537002341920375 0.03177083333333333 0.017341920374707262
0 0.5302916666666666 0.6558899297423888 0.03291666666666667 0.018629976580796254
0 0.48350000000000004 0.6573185011709602 0.030645833333333334 0.017985948477751756
