0 0.8938333333333334 0.37324355971896955 0.06727083333333334 0.0351288056206089
0 0.7701250000000001 0.3805620608899297 0.07512500000000001 0.040983606557377046
0 0.64075 0.3820257611241218 0.07352083333333333 0.040983606557377046
0 0.3973541666666666 0.3929976580796253 0.06570833333333333 0.039519906323185014
0 0.2832708333333333 0.39959016393442626 0.07514583333333333 0.040983606557377046
0 0.17783333333333334 0.40105386416861827 0.07772916666666667 0.038056206088992975
0 0.5280208333333333 0.554016393442623 0.06991666666666667 0.042447306791569085
0 0.6524791666666666 0.5547423887587822 0.07089583333333334 0.040983606557377046
0 0.4116666666666667 0.5605971896955504 0.07352083333333333 0.040983606557377046
1 0.7284791666666667 0.7311241217798595 0.10116666666666667 0.054156908665105384
1 0.9276875 0.7318501170960188 0.09331249999999999 0.0585480093676815
1 0.3574791666666667 0.7355152224824356 0.10377083333333334 0.060011709601873534
1 0.1804375 0.7384426229508196 0.09856250000000001 0.060011709601873534
1 0.4624375 0.9192037470725996 0.0969375 0.0585480093676815
1 0.649875 0.9221311475409836 0.09695833333333333 0.06440281030444965
