0 0.5983541666666666 0.2590749414519906 0.06454166666666666 0.0351288056206089
0 0.4486458333333333 0.2642037470725995 0.07239583333333334 0.039519906323185014
0 0.29110416666666666 0.26566744730679154 0.059416666666666666 0.033665105386416865
0 0.13489583333333333 0.2685948477751756 0.06464583333333333 0.036592505854800936
0 0.6061666666666666 0.36812646370023416 0.059333333333333335 0.033665105386416865
0 0.4564375 0.3725175644028103 0.06197916666666667 0.033665105386416865
0 0.3028125 0.3754449648711944 0.062000000000000006 0.033665105386416865
0 0.1453125 0.37837236533957846 0.059437500000000004 0.033665105386416865
0 0.7741041666666667 0.5730444964871194 0.06189583333333334 0.036592505854800936
0 0.6230833333333333 0.5796252927400468 0.06714583333333332 0.0351288056206089
0 0.47729166666666667 0.585480093676815 0.06197916666666667 0.038056206088992975
0 0.32885416666666667 0.5898711943793911 0.062000000000000006 0.0351288056206089
0 0.172625 0.5957259953161592 0.06204166666666667 0.0351288056206089
0 0.018541666666666668 0.6037822014051523 0.0370625 0.042447306791569085
1 0.705125 0.6835480093676815 0.09060416666666667 0.05269320843091335
1 0.5632291666666667 0.6923302107728337 0.08802083333333334 0.049765807962529274
1 0.09712499999999999 0.7098946135831382 0.09331249999999999 0.0585480093676815
1 0.6413125 0.7889344262295082 0.08275 0.049765807962529274
1 0.5007291666666667 0.7984543325526932 0.08804166666666666 0.05122950819672131
0 0.34970833333333334 0.8064988290398126 0.06725 0.040983606557377046
0 0.4317083333333333 0.906768149882904 0.064625 0.039519906323185014
