0 0.43275 0.34180327868852456 0.035187500000000003 0.01927400468384075
0 0.3675625 0.34533957845433255 0.03291666666666667 0.018629976580796254
0 0.31727083333333334 0.34779859484777514 0.034687499999999996 0.019613583138173303
0 0.2674166666666667 0.3492622950819672 0.0329375 0.017985948477751756
0 0.21687499999999998 0.3508430913348946 0.03104166666666667 0.01752927400468384
0 0.16585416666666666 0.3530913348946136 0.03320833333333333 0.01806791569086651
0 0.0966875 0.3552459016393443 0.033791666666666664 0.019039812646370027
0 0.43695833333333334 0.36777517564402806 0.030520833333333334 0.018278688524590164
0 0.10372916666666666 0.38403981264637005 0.03291666666666667 0.019519906323185014
0 0.4671458333333333 0.6042037470725995 0.02814583333333333 0.016475409836065574
0 0.4070625 0.6085831381733021 0.029166666666666667 0.01605386416861827
0 0.35850000000000004 0.6122365339578455 0.029104166666666667 0.01826697892271663
0 0.3128958333333333 0.6157494145199064 0.03229166666666667 0.017353629976580798
0 0.2650416666666667 0.6196487119437939 0.03075 0.017353629976580798
0 0.21756250000000002 0.6226932084309134 0.03154166666666667 0.01648711943793911
0 0.47 0.6279742388758782 0.030083333333333333 0.015925058548009366
