0 0.38354166666666667 0.3139695550351288 0.0568125 0.033665105386416865
0 0.5267708333333333 0.3139695550351288 0.06197916666666667 0.033665105386416865
0 0.6660625 0.3168969555035129 0.059354166666666666 0.030737704918032786
0 0.805375 0.3176229508196721 0.06191666666666666 0.0351288056206089
0 0.3874583333333333 0.4142271662763466 0.05420833333333333 0.02927400468384075
0 0.6647708333333333 0.4164285714285714 0.056749999999999995 0.033665105386416865
0 0.5254583333333334 0.41715456674473067 0.059375 0.02927400468384075
0 0.8001666666666666 0.41715456674473067 0.05670833333333333 0.0351288056206089
0 0.936875 0.6118266978922716 0.059270833333333335 0.0351288056206089
0 0.6660625 0.6132903981264637 0.059354166666666666 0.0351288056206089
0 0.8027708333333333 0.6132903981264637 0.05670833333333333 0.0351288056206089
0 0.529375 0.6162177985948478 0.05677083333333333 0.0351288056206089
0 0.38485416666666666 0.6169555035128805 0.05420833333333333 0.033665105386416865
0 0.235125 0.6206088992974239 0.06727083333333334 0.0351288056206089
1 0.8704583333333333 0.7098946135831382 0.07752083333333333 0.0468384074941452
1 0.7350625 0.7135597189695551 0.08277083333333332 0.048302107728337235
1 0.4551458333333333 0.7194145199063232 0.08022916666666666 0.05122950819672131
1 0.3080416666666667 0.7230679156908665 0.08808333333333333 0.05269320843091335
1 0.8014583333333333 0.8138173302107728 0.0749375 0.049765807962529274
1 0.6647708333333333 0.8152810304449649 0.08279166666666667 0.05269320843091335
0 0.5280625 0.819672131147541 0.06458333333333334 0.0351288056206089
0 0.3874583333333333 0.822599531615925 0.06983333333333334 0.038056206088992975
0 0.6009791666666667 0.9184660421545667 0.059375 0.02781030444964871
