0 0.8950833333333333 0.390807962529274 0.07512500000000001 0.040983606557377046
0 0.7631041666666667 0.3951990632318501 0.07352083333333333 0.040983606557377046
0 0.5171041666666667 0.4032435597189696 0.06570833333333333 0.039519906323185014
0 0.4030416666666667 0.4069086651053864 0.07514583333333333 0.040983606557377046
0 0.28197916666666667 0.4098360655737705 0.07772916666666667 0.038056206088992975
0 0.7774375 0.5679156908665105 0.07089583333333334 0.040983606557377046
0 0.5236041666666666 0.5737704918032787 0.07352083333333333 0.040983606557377046
0 0.650375 0.5745081967213115 0.06991666666666667 0.042447306791569085
1 0.2845833333333333 0.750152224824356 0.09856250000000001 0.060011709601873534
1 0.8508333333333333 0.7523419203747073 0.10116666666666667 0.06147540983606557
1 0.46681249999999996 0.7530796252927401 0.10377083333333334 0.060011709601873534
1 0.5717708333333333 0.9411592505854801 0.0969375 0.0585480093676815
1 0.7670208333333334 0.9426229508196722 0.09695833333333333 0.06440281030444965
