0 0.9628333333333334 0.2810304449648712 0.06454166666666666 0.0351288056206089
0 0.8105 0.2861592505854801 0.07239583333333334 0.039519906323185014
0 0.5123958333333333 0.29640515222482433 0.06464583333333333 0.036592505854800936
0 0.6582083333333333 0.29640515222482433 0.059416666666666666 0.033665105386416865
0 0.9680416666666667 0.38569086651053863 0.059333333333333335 0.033665105386416865
0 0.8209166666666667 0.3930093676814988 0.06197916666666667 0.033665105386416865
0 0.675125 0.39886416861826696 0.062000000000000006 0.033665105386416865
0 0.5202083333333333 0.4061826697892272 0.059437500000000004 0.033665105386416865
0 0.9768333333333333 0.5942622950819673 0.0463125 0.0351288056206089
0 0.8404583333333334 0.6001170960187353 0.06979166666666667 0.038056206088992975
0 0.6933541666666667 0.6059718969555035 0.062000000000000006 0.0351288056206089
0 0.5475208333333333 0.6132903981264637 0.06204166666666667 0.0351288056206089
0 0.39608333333333334 0.6198829039812647 0.0683125 0.042447306791569085
1 0.9276875 0.705503512880562 0.08802083333333334 0.049765807962529274
1 0.6295625 0.7179508196721311 0.08547916666666668 0.054156908665105384
1 0.48504166666666665 0.7252693208430914 0.088125 0.054156908665105384
1 0.8704166666666667 0.8145550351288056 0.08804166666666666 0.05122950819672131
0 0.7219791666666667 0.822599531615925 0.06725 0.040983606557377046
0 0.571 0.8277283372365339 0.07247916666666666 0.039519906323185014
0 0.8143958333333334 0.9243325526932085 0.064625 0.039519906323185014
