0 0.6775416666666667 0.3521896955503513 0.029229166666666664 0.01673302107728337
0 0.6126458333333333 0.3534660421545668 0.03179166666666667 0.016639344262295082
0 0.566125 0.35588992974238876 0.0299375 0.016440281030444964
0 0.5169374999999999 0.356288056206089 0.0301875 0.017540983606557377
0 0.4696875 0.35748243559718973 0.030500000000000003 0.01730679156908665
0 0.42108333333333337 0.35930913348946136 0.0319375 0.018571428571428572
0 0.3552916666666667 0.3601639344262295 0.0304375 0.017634660421545666
0 0.6777083333333334 0.37744730679156907 0.029708333333333333 0.018149882903981264
0 0.3578541666666667 0.3864168618266979 0.030395833333333334 0.017131147540983608
0 0.6801041666666666 0.6110889929742389 0.028 0.01646370023419204
0 0.6207083333333333 0.613887587822014 0.028458333333333332 0.015456674473067915
0 0.5748125000000001 0.6148711943793911 0.0278125 0.016405152224824356
0 0.5296875 0.6167330210772834 0.029666666666666668 0.01633489461358314
0 0.48464583333333333 0.6188290398126464 0.029187499999999998 0.015960187353629977
0 0.439375 0.6211709601873536 0.028291666666666666 0.016428571428571428
0 0.3763958333333333 0.6229274004683841 0.0295625 0.016159250585480095
0 0.6808333333333334 0.6339695550351288 0.029333333333333333 0.01617096018735363
0 0.3780833333333333 0.6470843091334895 0.0288125 0.015784543325526933
