0 0.3496666666666667 0.3461709601873536 0.0568125 0.033665105386416865
0 0.7767083333333333 0.3468969555035129 0.06191666666666666 0.0351288056206089
0 0.49289583333333337 0.34763466042154567 0.06197916666666667 0.033665105386416865
0 0.6321875 0.34763466042154567 0.059354166666666666 0.030737704918032786
0 0.7767083333333333 0.4435011709601874 0.05670833333333333 0.0351288056206089
0 0.6413125 0.44862997658079623 0.056749999999999995 0.033665105386416865
0 0.502 0.44935597189695553 0.059375 0.02927400468384075
0 0.35877083333333337 0.45081967213114754 0.05420833333333333 0.02927400468384075
0 0.9238333333333333 0.6425644028103045 0.059270833333333335 0.0351288056206089
0 0.7923333333333333 0.6454918032786885 0.05670833333333333 0.0351288056206089
0 0.655625 0.6498829039812647 0.059354166666666666 0.0351288056206089
0 0.5085208333333333 0.6542740046838408 0.05677083333333333 0.0351288056206089
0 0.3692083333333333 0.6608665105386416 0.05420833333333333 0.033665105386416865
0 0.21166666666666664 0.667447306791569 0.06727083333333334 0.0351288056206089
1 0.8730416666666667 0.7464871194379391 0.07752083333333333 0.0468384074941452
1 0.7376458333333333 0.7530796252927401 0.08277083333333332 0.048302107728337235
1 0.4499166666666667 0.7647892271662763 0.08022916666666666 0.05122950819672131
1 0.29760416666666667 0.7713700234192038 0.08808333333333333 0.05269320843091335
1 0.8144583333333333 0.8504098360655737 0.0749375 0.049765807962529274
1 0.6751666666666666 0.8562646370023419 0.08279166666666667 0.05269320843091335
0 0.53325 0.8679742388758782 0.06458333333333334 0.0351288056206089
0 0.3822291666666667 0.8752927400468384 0.06983333333333334 0.038056206088992975
0 0.6061666666666666 0.9667681498829039 0.059375 0.02781030444964871
