0 0.310625 0.3125058548009368 0.0568125 0.033665105386416865
0 0.45125 0.3154332552693208 0.06197916666666667 0.033665105386416865
0 0.5931458333333333 0.3154332552693208 0.059354166666666666 0.030737704918032786
0 0.7350625 0.3161592505854801 0.06191666666666666 0.0351288056206089
0 0.3119375 0.41569086651053866 0.05420833333333333 0.02927400468384075
0 0.7246458333333333 0.41569086651053866 0.05670833333333333 0.0351288056206089
0 0.5970624999999999 0.4164285714285714 0.056749999999999995 0.033665105386416865
0 0.45775 0.41715456674473067 0.059375 0.02927400468384075
0 0.7376666666666666 0.6103629976580797 0.05670833333333333 0.0351288056206089
0 0.8665625 0.6103629976580797 0.059270833333333335 0.0351288056206089
0 0.6009583333333333 0.6162177985948478 0.059354166666666666 0.0351288056206089
0 0.46166666666666667 0.6176814988290398 0.05677083333333333 0.0351288056206089
0 0.31975 0.6228103044496487 0.05420833333333333 0.033665105386416865
0 0.16741666666666666 0.6264637002341921 0.06727083333333334 0.0351288056206089
1 0.8053541666666667 0.7098946135831382 0.07752083333333333 0.0468384074941452
1 0.6725625 0.715023419203747 0.08277083333333332 0.048302107728337235
1 0.3926458333333333 0.7238056206088993 0.08022916666666666 0.05122950819672131
1 0.2429375 0.7259953161592506 0.08808333333333333 0.05269320843091335
1 0.7467708333333333 0.8108899297423887 0.0749375 0.049765807962529274
1 0.6100833333333333 0.8167447306791569 0.08279166666666667 0.05269320843091335
0 0.4655625 0.8240632318501171 0.06458333333333334 0.0351288056206089
0 0.3249583333333333 0.8284543325526932 0.06983333333333334 0.038056206088992975
0 0.5436875000000001 0.9199297423887588 0.059375 0.02781030444964871
