0 0.7103333333333333 0.3073770491803279 0.06454166666666666 0.0351288056206089
0 0.5658124999999999 0.3110421545667447 0.07239583333333334 0.039519906323185014
0 0.2676875 0.3168969555035129 0.06464583333333333 0.036592505854800936
0 0.41610416666666666 0.3168969555035129 0.059416666666666666 0.033665105386416865
0 0.7155416666666666 0.41350117096018735 0.059333333333333335 0.033665105386416865
0 0.5736249999999999 0.41789227166276344 0.06197916666666667 0.033665105386416865
0 0.4252083333333333 0.4208196721311475 0.062000000000000006 0.033665105386416865
0 0.2755 0.4237470725995316 0.059437500000000004 0.033665105386416865
0 0.8834791666666667 0.6111007025761124 0.06189583333333334 0.036592505854800936
0 0.7376666666666666 0.6191451990632318 0.06714583333333332 0.0351288056206089
0 0.5866666666666667 0.622072599531616 0.06197916666666667 0.038056206088992975
0 0.44604166666666667 0.625 0.062000000000000006 0.0351288056206089
0 0.29502083333333334 0.6308548009367682 0.06204166666666667 0.0351288056206089
0 0.1426875 0.6381733021077284 0.06989583333333332 0.038056206088992975
1 0.8145 0.7186768149882904 0.08533333333333333 0.05269320843091335
1 0.6738958333333334 0.7274590163934426 0.09058333333333332 0.05562060889929742
1 0.37704166666666666 0.7377049180327869 0.095875 0.05562060889929742
1 0.22733333333333333 0.7435597189695551 0.09331249999999999 0.0585480093676815
1 0.7585 0.8255269320843092 0.08275 0.049765807962529274
1 0.6100833333333333 0.83211943793911 0.08279166666666667 0.05122950819672131
0 0.4603541666666667 0.8372365339578455 0.06460416666666667 0.038056206088992975
0 0.31064583333333334 0.8438290398126463 0.06725 0.036592505854800936
0 0.5462916666666667 0.9404332552693209 0.05416666666666667 0.030737704918032786
