0 0.5617083333333334 0.3856440281030445 0.0319375 0.019039812646370027
0 0.5007083333333333 0.38832552693208433 0.0328125 0.017576112412177984
0 0.4530208333333333 0.3895433255269321 0.0345625 0.019039812646370027
0 0.4058333333333334 0.39024590163934425 0.03197916666666666 0.018548009367681497
0 0.35539583333333336 0.3927166276346604 0.03197916666666666 0.018548009367681497
0 0.30814583333333334 0.3938992974238876 0.03372916666666667 0.019039812646370027
0 0.24170833333333333 0.39569086651053864 0.03183333333333333 0.017423887587822016
0 0.5623541666666667 0.41167447306791566 0.0301875 0.018548009367681497
0 0.5747083333333334 0.6426580796252928 0.03195833333333333 0.017576112412177984
0 0.5133541666666667 0.6458665105386417 0.031104166666666665 0.018056206088992974
0 0.46897916666666667 0.6483138173302108 0.03177083333333333 0.019004683840749416
0 0.4229583333333334 0.6498946135831382 0.03179166666666667 0.01795081967213115
0 0.377625 0.6528220140515223 0.03197916666666666 0.018548009367681497
0 0.3318125 0.6547306791569086 0.03372916666666667 0.018548009367681497
0 0.2703333333333333 0.6588758782201405 0.030875 0.01689695550351288
0 0.5752708333333333 0.6657962529274005 0.029333333333333333 0.01708430913348946
0 0.27129166666666665 0.682096018735363 0.03277083333333333 0.01689695550351288
