0 0.627 0.26492974238875877 0.06454166666666666 0.0351288056206089
0 0.46947916666666667 0.2671311475409836 0.07239583333333334 0.039519906323185014
0 0.31975 0.2715222482435597 0.059416666666666666 0.033665105386416865
0 0.15833333333333333 0.27298594847775176 0.06464583333333333 0.036592505854800936
0 0.6296041666666666 0.3725175644028103 0.059333333333333335 0.033665105386416865
0 0.32885416666666667 0.37837236533957846 0.062000000000000006 0.033665105386416865
0 0.479875 0.37837236533957846 0.06197916666666667 0.033665105386416865
0 0.17135416666666667 0.38129976580796254 0.059437500000000004 0.033665105386416865
0 0.7975416666666667 0.5788992974238876 0.06189583333333334 0.036592505854800936
0 0.649125 0.5810889929742389 0.06714583333333332 0.0351288056206089
0 0.498125 0.5898711943793911 0.06197916666666667 0.038056206088992975
0 0.3496875 0.5927985948477752 0.062000000000000006 0.0351288056206089
0 0.19085416666666666 0.5986533957845434 0.06204166666666667 0.0351288056206089
0 0.034166666666666665 0.6037822014051523 0.0683125 0.042447306791569085
1 0.7311666666666666 0.6879391100702577 0.09060416666666667 0.05269320843091335
1 0.5866666666666667 0.6923302107728337 0.08802083333333334 0.049765807962529274
1 0.6725625 0.7947892271662763 0.08275 0.049765807962529274
1 0.5215625 0.8028454332552694 0.08804166666666666 0.05122950819672131
0 0.3705416666666667 0.8123536299765808 0.06725 0.040983606557377046
0 0.4551458333333333 0.9126229508196722 0.064625 0.039519906323185014
