0 0.7415208333333333 0.3432435597189695 0.059354166666666666 0.030737704918032786
0 0.8782291666666667 0.34543325526932084 0.06191666666666666 0.0351288056206089
0 0.4407916666666667 0.34763466042154567 0.0568125 0.033665105386416865
0 0.5918333333333333 0.3490983606557377 0.06197916666666667 0.033665105386416865
0 0.8964583333333334 0.4435011709601874 0.05670833333333333 0.0351288056206089
0 0.7480625 0.4515573770491803 0.056749999999999995 0.033665105386416865
0 0.606125 0.45228337236533955 0.059375 0.02927400468384075
0 0.45508333333333334 0.45521077283372363 0.05420833333333333 0.02927400468384075
0 0.9172916666666667 0.6542740046838408 0.05670833333333333 0.0351288056206089
0 0.7675625 0.6586651053864169 0.059354166666666666 0.0351288056206089
0 0.6230625 0.664519906323185 0.05677083333333333 0.0351288056206089
0 0.4785625 0.6696487119437939 0.05420833333333333 0.033665105386416865
0 0.31320833333333337 0.6762295081967213 0.06727083333333334 0.0351288056206089
1 0.9768541666666667 0.7581967213114754 0.04627083333333334 0.0468384074941452
1 0.8521875 0.7647892271662763 0.08277083333333332 0.048302107728337235
1 0.5592708333333333 0.7764988290398126 0.08022916666666666 0.05122950819672131
1 0.4043541666666667 0.78307962529274 0.08808333333333333 0.05269320843091335
1 0.9394166666666667 0.8679742388758782 0.0749375 0.049765807962529274
1 0.7975208333333333 0.8782201405152225 0.08279166666666667 0.05269320843091335
0 0.6478125 0.8826112412177985 0.06458333333333334 0.0351288056206089
0 0.49937499999999996 0.8928571428571429 0.06983333333333334 0.038056206088992975
0 0.7363333333333333 0.9861007025761124 0.059375 0.02781030444964871
