0 0.4550208333333333 0.3406088992974239 0.035187500000000003 0.01927400468384075
0 0.3908125 0.3425292740046838 0.03291666666666667 0.018629976580796254
0 0.34320833333333334 0.34409836065573773 0.034687499999999996 0.019613583138173303
0 0.2920625 0.3457025761124122 0.0329375 0.017985948477751756
0 0.24072916666666666 0.34727166276346605 0.03104166666666667 0.01752927400468384
0 0.190625 0.34885245901639345 0.03320833333333333 0.01806791569086651
0 0.12027083333333333 0.3516978922716628 0.033791666666666664 0.019039812646370027
0 0.4581875 0.36710772833723654 0.030520833333333334 0.018278688524590164
0 0.12433333333333334 0.37857142857142856 0.03291666666666667 0.019519906323185014
0 0.27887500000000004 0.6157728337236534 0.03075 0.017353629976580798
