0 0.89125 0.3337236533957845 0.06191666666666666 0.0351288056206089
0 0.7467291666666667 0.33885245901639344 0.059354166666666666 0.030737704918032786
0 0.446 0.3417798594847775 0.0568125 0.033665105386416865
0 0.5944375 0.3432435597189695 0.06197916666666667 0.033665105386416865
0 0.9042708333333334 0.4420374707259953 0.05670833333333333 0.0351288056206089
0 0.7584791666666667 0.4427751756440281 0.056749999999999995 0.033665105386416865
0 0.606125 0.44789227166276346 0.059375 0.02927400468384075
0 0.45508333333333334 0.45081967213114754 0.05420833333333333 0.02927400468384075
0 0.9303125 0.6557377049180327 0.05670833333333333 0.0351288056206089
0 0.7779791666666667 0.6586651053864169 0.059354166666666666 0.0351288056206089
0 0.6230625 0.664519906323185 0.05677083333333333 0.0351288056206089
0 0.4733541666666667 0.6696487119437939 0.05420833333333333 0.033665105386416865
0 0.3106041666666667 0.6762295081967213 0.06727083333333334 0.0351288056206089
1 0.983375 0.7581967213114754 0.03327083333333333 0.0468384074941452
1 0.8652083333333334 0.7662529274004684 0.08277083333333332 0.048302107728337235
1 0.5592708333333333 0.7794262295081967 0.08022916666666666 0.05122950819672131
1 0.4043541666666667 0.7874707259953162 0.08808333333333333 0.05269320843091335
1 0.9524375 0.8738290398126464 0.0749375 0.049765807962529274
1 0.7975208333333333 0.8782201405152225 0.08279166666666667 0.05269320843091335
0 0.6530208333333333 0.8855386416861827 0.06458333333333334 0.0351288056206089
0 0.49937499999999996 0.8928571428571429 0.06983333333333334 0.038056206088992975
0 0.7363333333333333 0.9861007025761124 0.059375 0.02781030444964871
