0 0.9276458333333333 0.3329976580796253 0.07239583333333334 0.039519906323185014
0 0.7779583333333334 0.3373887587822014 0.059416666666666666 0.033665105386416865
0 0.6321458333333333 0.3432435597189695 0.06464583333333333 0.036592505854800936
0 0.9380624999999999 0.42960187353629975 0.06197916666666667 0.033665105386416865
0 0.7922708333333334 0.43692037470726 0.062000000000000006 0.033665105386416865
0 0.6555833333333333 0.4427751756440281 0.059437500000000004 0.033665105386416865
0 0.9651041666666667 0.6293911007025761 0.06979166666666667 0.038056206088992975
0 0.8209166666666667 0.6396370023419203 0.062000000000000006 0.0351288056206089
0 0.6907083333333334 0.6454918032786885 0.06204166666666667 0.0351288056206089
0 0.5444791666666667 0.6520843091334895 0.0683125 0.042447306791569085
1 0.7779583333333334 0.7442974238875878 0.08547916666666668 0.054156908665105384
1 0.6334375 0.7530796252927401 0.088125 0.054156908665105384
1 0.9794166666666667 0.8394379391100703 0.0411875 0.05122950819672131
0 0.8677708333333333 0.8445550351288056 0.06725 0.040983606557377046
0 0.7167916666666667 0.8511475409836066 0.07247916666666666 0.039519906323185014
0 0.952375 0.946288056206089 0.064625 0.039519906323185014
