0 0.3340625 0.3183606557377049 0.0568125 0.033665105386416865
0 0.47729166666666667 0.31982435597189696 0.06197916666666667 0.033665105386416865
0 0.6139791666666666 0.31982435597189696 0.059354166666666666 0.030737704918032786
0 0.7532916666666666 0.32201405152224827 0.06191666666666666 0.0351288056206089
0 0.33797916666666666 0.41861826697892274 0.05420833333333333 0.02927400468384075
0 0.6204999999999999 0.4193559718969555 0.056749999999999995 0.033665105386416865
0 0.4837916666666667 0.42008196721311475 0.059375 0.02927400468384075
0 0.7506875 0.42008196721311475 0.05670833333333333 0.0351288056206089
0 0.8926041666666666 0.6132903981264637 0.059270833333333335 0.0351288056206089
0 0.7611041666666666 0.6162177985948478 0.05670833333333333 0.0351288056206089
0 0.6217916666666666 0.6191451990632318 0.059354166666666666 0.0351288056206089
0 0.4825 0.6206088992974239 0.05677083333333333 0.0351288056206089
0 0.3431875 0.6242740046838408 0.05420833333333333 0.033665105386416865
0 0.18825 0.627927400468384 0.06727083333333334 0.0351288056206089
1 0.8287916666666667 0.7142857142857143 0.07752083333333333 0.0468384074941452
1 0.6907916666666666 0.7179508196721311 0.08277083333333332 0.048302107728337235
1 0.4186875 0.7267330210772833 0.08022916666666666 0.05122950819672131
1 0.266375 0.7303864168618267 0.08808333333333333 0.05269320843091335
1 0.765 0.8152810304449649 0.0749375 0.049765807962529274
1 0.6257083333333333 0.8182084309133489 0.08279166666666667 0.05269320843091335
0 0.489 0.8255269320843092 0.06458333333333334 0.0351288056206089
0 0.3431875 0.8313817330210773 0.06983333333333334 0.038056206088992975
0 0.5619166666666667 0.9243208430913349 0.059375 0.02781030444964871
