0 0.6597708333333333 0.3844145199063232 0.035187500000000003 0.01927400468384075
0 0.5422083333333333 0.38587822014051526 0.034687499999999996 0.019613583138173303
0 0.5915 0.38593676814988287 0.03291666666666667 0.018629976580796254
0 0.49154166666666665 0.38725995316159256 0.0329375 0.017985948477751756
0 0.43904166666666666 0.3877049180327869 0.036375000000000005 0.017985948477751756
0 0.3876875 0.3882903981264637 0.03754166666666667 0.018629976580796254
0 0.31825 0.3889695550351288 0.032979166666666664 0.01927400468384075
0 0.6590208333333333 0.41203747072599534 0.03175 0.017985948477751756
0 0.31837499999999996 0.4155737704918033 0.034124999999999996 0.018629976580796254
0 0.6560625000000001 0.655807962529274 0.03289583333333333 0.01605386416861827
0 0.5905416666666666 0.6578688524590165 0.03177083333333333 0.017341920374707262
0 0.5451250000000001 0.6593676814988291 0.03291666666666667 0.018629976580796254
0 0.494625 0.661487119437939 0.030645833333333334 0.017985948477751756
0 0.44727083333333334 0.6615690866510539 0.0318125 0.01990632318501171
