0 0.913375 0.25614754098360654 0.06454166666666666 0.0351288056206089
0 0.7584375 0.26566744730679154 0.07239583333333334 0.039519906323185014
0 0.6035416666666666 0.27298594847775176 0.059416666666666666 0.033665105386416865
0 0.4499166666666667 0.2788407494145199 0.06464583333333333 0.036592505854800936
0 0.9237916666666667 0.3651990632318501 0.059333333333333335 0.033665105386416865
0 0.7688541666666667 0.3769086651053864 0.06197916666666667 0.033665105386416865
0 0.61525 0.3842271662763466 0.062000000000000006 0.033665105386416865
0 0.46033333333333337 0.3886182669789227 0.059437500000000004 0.033665105386416865
0 0.9510833333333333 0.5840163934426229 0.06714583333333332 0.0351288056206089
0 0.7883958333333333 0.5884074941451991 0.06979166666666667 0.038056206088992975
0 0.6386875 0.5957259953161592 0.062000000000000006 0.0351288056206089
0 0.48504166666666665 0.6001170960187353 0.06204166666666667 0.0351288056206089
0 0.331 0.6081733021077284 0.0683125 0.042447306791569085
1 0.8834375 0.699648711943794 0.08802083333333334 0.049765807962529274
1 0.5827083333333333 0.7106323185011709 0.08547916666666668 0.054156908665105384
1 0.4277708333333334 0.7135597189695551 0.088125 0.054156908665105384
1 0.958625 0.8064988290398126 0.08275 0.049765807962529274
1 0.8209583333333333 0.8072365339578454 0.08804166666666666 0.05122950819672131
0 0.6725208333333333 0.8152810304449649 0.06725 0.040983606557377046
0 0.5059166666666667 0.8189461358313818 0.07247916666666666 0.039519906323185014
0 0.757125 0.9199414519906323 0.064625 0.039519906323185014
