0 0.295 0.3110421545667447 0.0568125 0.033665105386416865
0 0.43822916666666667 0.3125058548009368 0.06197916666666667 0.033665105386416865
0 0.580125 0.3125058548009368 0.059354166666666666 0.030737704918032786
0 0.7220416666666666 0.31323185011709603 0.06191666666666666 0.0351288056206089
0 0.2963125 0.4127634660421546 0.05420833333333333 0.02927400468384075
0 0.7194375 0.4127634660421546 0.05670833333333333 0.0351288056206089
0 0.5814374999999999 0.41350117096018735 0.056749999999999995 0.033665105386416865
0 0.4447291666666667 0.4142271662763466 0.059375 0.02927400468384075
0 0.8613541666666666 0.6088992974238876 0.059270833333333335 0.0351288056206089
0 0.7246458333333333 0.6103629976580797 0.05670833333333333 0.0351288056206089
0 0.5853333333333333 0.6132903981264637 0.059354166666666666 0.0351288056206089
0 0.45125 0.6176814988290398 0.05677083333333333 0.0351288056206089
0 0.304125 0.6198829039812647 0.05420833333333333 0.033665105386416865
0 0.15439583333333334 0.625 0.06727083333333334 0.0351288056206089
1 0.7949375 0.7084309133489461 0.07752083333333333 0.0468384074941452
1 0.6621458333333333 0.712096018735363 0.08277083333333332 0.048302107728337235
1 0.379625 0.7208782201405152 0.08022916666666666 0.05122950819672131
1 0.22991666666666666 0.7245316159250585 0.08808333333333333 0.05269320843091335
1 0.73375 0.8108899297423887 0.0749375 0.049765807962529274
1 0.5970624999999999 0.8152810304449649 0.08279166666666667 0.05269320843091335
0 0.4525416666666667 0.822599531615925 0.06458333333333334 0.0351288056206089
0 0.30672916666666666 0.8299180327868853 0.06983333333333334 0.038056206088992975
0 0.5358750000000001 0.9213934426229509 0.059375 0.02781030444964871
