0 0.9342291666666667 0.2912763466042155 0.07502083333333333 0.040983606557377046
0 0.7688958333333333 0.29640515222482433 0.077625 0.039519906323185014
0 0.6582291666666666 0.3007962529274005 0.06987499999999999 0.033665105386416865
0 0.5593125000000001 0.30665105386416863 0.059416666666666666 0.033665105386416865
0 0.4160833333333333 0.31323185011709603 0.0646875 0.038056206088992975
0 0.3249791666666667 0.3154332552693208 0.059479166666666666 0.033665105386416865
0 0.23331249999999998 0.32275175644028103 0.0605 0.036592505854800936
0 0.9290208333333333 0.39447306791569087 0.07502083333333333 0.039519906323185014
0 0.8170625 0.3959367681498829 0.064625 0.033665105386416865
0 0.7103333333333333 0.39959016393442626 0.06460416666666667 0.038056206088992975
0 0.6035833333333334 0.4025175644028103 0.06979166666666667 0.032201405152224825
0 0.5059375 0.40398126463700235 0.06720833333333333 0.0351288056206089
0 0.31793750000000004 0.40763466042154567 0.06310416666666667 0.033665105386416865
0 0.23072916666666668 0.40837236533957844 0.07610416666666667 0.0351288056206089
0 0.4082708333333333 0.41056206088992975 0.06470833333333333 0.036592505854800936
0 0.7077291666666666 0.5005854800936768 0.06458333333333334 0.038056206088992975
0 0.8769583333333333 0.5005854800936768 0.0698125 0.038056206088992975
0 0.4030416666666667 0.5013231850117096 0.06991666666666667 0.039519906323185014
0 0.6009583333333333 0.5013231850117096 0.06460416666666667 0.036592505854800936
0 0.221625 0.5020491803278688 0.06310416666666667 0.0351288056206089
0 0.3145625 0.5020491803278688 0.06466666666666666 0.038056206088992975
0 0.49677083333333333 0.5027868852459016 0.0646875 0.036592505854800936
0 0.4004375 0.5927985948477752 0.06470833333333333 0.032201405152224825
0 0.49422916666666666 0.6008548009367681 0.06983333333333334 0.036592505854800936
0 0.5996666666666666 0.6015807962529274 0.05679166666666667 0.0351288056206089
0 0.7012083333333333 0.6045081967213115 0.07241666666666666 0.040983606557377046
0 0.8196875 0.6081733021077284 0.06977083333333334 0.036592505854800936
1 0.5332708333333334 0.9133489461358314 0.07502083333333333 0.05269320843091335
1 0.6413333333333333 0.9221311475409836 0.08279166666666667 0.05562060889929742
1 0.8131875 0.939695550351288 0.09316666666666666 0.06147540983606557
