0 0.6614166666666667 0.36483606557377046 0.035187500000000003 0.01927400468384075
0 0.542 0.365480093676815 0.03179166666666667 0.017985948477751756
0 0.594 0.3657962529274005 0.03291666666666667 0.018629976580796254
0 0.49002083333333335 0.3661241217798595 0.0329375 0.017985948477751756
0 0.3128958333333333 0.366768149882904 0.032979166666666664 0.01927400468384075
0 0.3848958333333333 0.3670843091334895 0.03754166666666667 0.018629976580796254
0 0.43802083333333336 0.36741217798594844 0.036375000000000005 0.017985948477751756
0 0.6619791666666667 0.39245901639344266 0.03175 0.017985948477751756
0 0.31577083333333333 0.3959953161592506 0.034124999999999996 0.018629976580796254
0 0.6534166666666666 0.6413583138173302 0.03289583333333333 0.01605386416861827
0 0.5877083333333334 0.6432786885245901 0.03177083333333333 0.017341920374707262
0 0.5391458333333333 0.6439227166276347 0.03291666666666667 0.018629976580796254
0 0.49002083333333335 0.6442505854800937 0.030645833333333334 0.017985948477751756
0 0.44145833333333334 0.6452107728337236 0.0318125 0.01990632318501171
0 0.3900416666666667 0.6461709601873536 0.0318125 0.01927400468384075
0 0.32489583333333333 0.6481030444964871 0.03183333333333333 0.017985948477751756
