0 0.9458125000000001 0.352751756440281 0.06152083333333334 0.038056206088992975
0 0.8169791666666666 0.3542154566744731 0.07512500000000001 0.040983606557377046
0 0.6980625 0.36007025761124123 0.07352083333333333 0.040983606557377046
0 0.4598125 0.3673887587822014 0.06570833333333333 0.038056206088992975
0 0.2273125 0.37177985948477754 0.07772916666666667 0.038056206088992975
0 0.3353541666666667 0.37324355971896955 0.07514583333333333 0.040983606557377046
0 0.7097708333333334 0.5283957845433255 0.07089583333333334 0.040983606557377046
0 0.5879166666666666 0.5335245901639344 0.06991666666666667 0.042447306791569085
0 0.4663333333333333 0.5357142857142857 0.07352083333333333 0.040983606557377046
1 0.9627291666666667 0.7033138173302108 0.07452083333333334 0.060011709601873534
1 0.7935833333333334 0.705503512880562 0.10116666666666667 0.06147540983606557
1 0.41733333333333333 0.7077049180327869 0.10377083333333334 0.060011709601873534
1 0.23252083333333334 0.712096018735363 0.09856250000000001 0.060011709601873534
1 0.7149583333333334 0.8826112412177985 0.09695833333333333 0.06440281030444965
1 0.5223125000000001 0.8840749414519906 0.0969375 0.0585480093676815
