0 0.6446458333333334 0.445807962529274 0.028645833333333332 0.01607728337236534
0 0.5856458333333333 0.4474707259953161 0.030166666666666668 0.01572599531615925
0 0.5400208333333333 0.4486533957845433 0.0299375 0.016440281030444964
0 0.4957708333333333 0.44967213114754095 0.02802083333333333 0.016323185011709603
0 0.44916666666666666 0.45107728337236536 0.029333333333333333 0.016323185011709603
0 0.4041666666666667 0.45204918032786884 0.029770833333333333 0.016440281030444964
0 0.34370833333333334 0.4538407494145199 0.029854166666666668 0.016311475409836067
0 0.6458333333333334 0.4694730679156909 0.02754166666666667 0.016323185011709603
0 0.6534791666666667 0.6919555035128805 0.028 0.01646370023419204
0 0.594875 0.6937353629976581 0.028458333333333332 0.015456674473067915
0 0.5513333333333333 0.6950702576112413 0.0278125 0.016405152224824356
0 0.5088541666666667 0.6971428571428572 0.0285 0.015351288056206088
0 0.46637500000000004 0.6994145199063231 0.029187499999999998 0.015960187353629977
0 0.420625 0.7014285714285714 0.028291666666666666 0.016428571428571428
0 0.3595416666666667 0.7049297423887587 0.0295625 0.016159250585480095
0 0.6537916666666667 0.7142622950819673 0.029333333333333333 0.01708430913348946
0 0.3615833333333333 0.7279976580796254 0.0288125 0.015784543325526933
