0 0.6764375 0.35202576112412176 0.059354166666666666 0.030737704918032786
0 0.8209583333333333 0.352751756440281 0.06191666666666666 0.0351288056206089
0 0.3939166666666667 0.35348946135831383 0.0568125 0.033665105386416865
0 0.5371458333333333 0.35348946135831383 0.06197916666666667 0.033665105386416865
0 0.831375 0.45228337236533955 0.05670833333333333 0.0351288056206089
0 0.6907708333333333 0.4544847775175644 0.056749999999999995 0.033665105386416865
0 0.54625 0.45521077283372363 0.059375 0.02927400468384075
0 0.40041666666666664 0.4566744730679157 0.05420833333333333 0.02927400468384075
0 0.9703541666666666 0.6484192037470726 0.059270833333333335 0.0351288056206089
0 0.847 0.6542740046838408 0.05670833333333333 0.0351288056206089
0 0.7050833333333333 0.6601288056206089 0.059354166666666666 0.0351288056206089
0 0.555375 0.6659836065573771 0.05677083333333333 0.0351288056206089
0 0.4082708333333333 0.6681850117096019 0.05420833333333333 0.033665105386416865
0 0.25852083333333337 0.6776932084309133 0.06727083333333334 0.0351288056206089
1 0.9198958333333334 0.7581967213114754 0.07752083333333333 0.0468384074941452
1 0.7845 0.7633255269320843 0.08277083333333332 0.048302107728337235
1 0.49416666666666664 0.7779625292740047 0.08022916666666666 0.05122950819672131
1 0.3418541666666667 0.7845433255269321 0.08808333333333333 0.05269320843091335
1 0.8613125 0.8665105386416861 0.0749375 0.049765807962529274
1 0.7220208333333333 0.8723653395784543 0.08279166666666667 0.05269320843091335
0 0.5748958333333333 0.8782201405152225 0.06458333333333334 0.0351288056206089
0 0.42908333333333337 0.8899297423887588 0.06983333333333334 0.038056206088992975
0 0.6530208333333333 0.9814051522248244 0.059375 0.02781030444964871
