0 0.6446458333333334 0.44152224824355973 0.028645833333333332 0.01607728337236534
0 0.584375 0.4435480093676815 0.030166666666666668 0.01572599531615925
0 0.5400208333333333 0.44436768149882905 0.0299375 0.016440281030444964
0 0.4957708333333333 0.44538641686182673 0.02802083333333333 0.016323185011709603
0 0.44916666666666666 0.4467915690866511 0.029333333333333333 0.016323185011709603
0 0.4041666666666667 0.4481264637002342 0.029770833333333333 0.016440281030444964
0 0.34181249999999996 0.44991803278688525 0.029854166666666668 0.016311475409836067
0 0.6452083333333333 0.4648360655737705 0.02754166666666667 0.016323185011709603
0 0.6528541666666666 0.6876697892271663 0.028 0.01646370023419204
0 0.5954999999999999 0.6898126463700235 0.028458333333333332 0.015456674473067915
0 0.5519583333333333 0.6914988290398126 0.0278125 0.016405152224824356
0 0.5088541666666667 0.6935714285714285 0.0285 0.015351288056206088
0 0.46575 0.6958430913348946 0.029187499999999998 0.015960187353629977
0 0.420625 0.6971428571428572 0.028291666666666666 0.016428571428571428
0 0.3595416666666667 0.6999414519906323 0.0295625 0.016159250585480095
0 0.6537916666666667 0.7110538641686183 0.029333333333333333 0.01708430913348946
0 0.3603125 0.7237119437939109 0.0288125 0.015784543325526933
