0 0.6059583333333334 0.4145784543325527 0.0319375 0.019039812646370027
0 0.5449583333333333 0.4167564402810305 0.0328125 0.017576112412177984
0 0.4981666666666667 0.4179742388758782 0.0345625 0.019039812646370027
0 0.4536875 0.41968384074941456 0.03197916666666666 0.018548009367681497
0 0.40685416666666663 0.420632318501171 0.03197916666666666 0.018548009367681497
0 0.35960416666666667 0.4223302107728337 0.03372916666666667 0.019039812646370027
0 0.2949791666666667 0.42360655737704916 0.03183333333333333 0.017423887587822016
0 0.6066041666666667 0.43959016393442624 0.0301875 0.018548009367681497
0 0.612625 0.6649882903981265 0.03195833333333333 0.017576112412177984
0 0.5557916666666666 0.6671896955503512 0.031104166666666665 0.018056206088992974
0 0.5105208333333333 0.6696370023419204 0.03177083333333333 0.019004683840749416
0 0.4653958333333333 0.672224824355972 0.03179166666666667 0.01795081967213115
0 0.4227708333333334 0.6736299765807963 0.03197916666666666 0.018548009367681497
0 0.37695833333333334 0.6760538641686183 0.03372916666666667 0.018548009367681497
0 0.31818749999999996 0.6781615925058547 0.030875 0.01689695550351288
0 0.6158958333333333 0.68711943793911 0.029333333333333333 0.01708430913348946
0 0.3173333333333333 0.702400468384075 0.03277083333333333 0.01689695550351288
