0 0.44356249999999997 0.3604566744730679 0.035187500000000003 0.01927400468384075
0 0.3799166666666667 0.3644379391100703 0.03291666666666667 0.018629976580796254
0 0.329625 0.3660187353629976 0.034687499999999996 0.019613583138173303
0 0.28054166666666663 0.36879391100702574 0.0329375 0.017985948477751756
0 0.23077083333333331 0.3703747072599532 0.03104166666666667 0.01752927400468384
0 0.18129166666666666 0.3713114754098361 0.03320833333333333 0.01806791569086651
0 0.11274999999999999 0.37608899297423887 0.033791666666666664 0.019039812646370027
0 0.44854166666666667 0.3864285714285714 0.030520833333333334 0.018278688524590164
0 0.11839583333333333 0.40269320843091333 0.03291666666666667 0.019519906323185014
0 0.47872916666666665 0.6202576112412178 0.02814583333333333 0.016475409836065574
0 0.4179375 0.624824355971897 0.029104166666666667 0.01826697892271663
0 0.48389583333333336 0.6440281030444965 0.030083333333333333 0.015925058548009366
