0 0.8626041666666667 0.3439695550351288 0.06191666666666666 0.0351288056206089
0 0.5736041666666666 0.34763466042154567 0.06197916666666667 0.033665105386416865
0 0.7232916666666667 0.34763466042154567 0.059354166666666666 0.030737704918032786
0 0.430375 0.3490983606557377 0.0568125 0.033665105386416865
0 0.8730208333333334 0.44642857142857145 0.05670833333333333 0.0351288056206089
0 0.7298333333333333 0.4500936768149883 0.056749999999999995 0.033665105386416865
0 0.5878958333333333 0.45228337236533955 0.059375 0.02927400468384075
0 0.44466666666666665 0.45521077283372363 0.05420833333333333 0.02927400468384075
0 0.8964583333333334 0.6528103044496487 0.05670833333333333 0.0351288056206089
0 0.7493333333333333 0.6586651053864169 0.059354166666666666 0.0351288056206089
0 0.599625 0.663056206088993 0.05677083333333333 0.0351288056206089
0 0.4499166666666667 0.6696487119437939 0.05420833333333333 0.033665105386416865
0 0.2949791666666667 0.6718384074941453 0.06727083333333334 0.0351288056206089
1 0.9612291666666667 0.7611241217798594 0.07752083333333333 0.0468384074941452
1 0.82875 0.7647892271662763 0.08277083333333332 0.048302107728337235
1 0.5332291666666666 0.7764988290398126 0.08022916666666666 0.05122950819672131
1 0.3809166666666667 0.78307962529274 0.08808333333333333 0.05269320843091335
1 0.9107708333333334 0.8665105386416861 0.0749375 0.049765807962529274
1 0.7662708333333333 0.8782201405152225 0.08279166666666667 0.05269320843091335
0 0.6139583333333333 0.8855386416861827 0.06458333333333334 0.0351288056206089
0 0.47333333333333333 0.8913934426229508 0.06983333333333334 0.038056206088992975
0 0.7024791666666667 0.9843325526932084 0.059375 0.02781030444964871
