0 0.6155 0.42950819672131146 0.028645833333333332 0.01607728337236534
0 0.5545208333333334 0.4316978922716628 0.030166666666666668 0.01572599531615925
0 0.5077708333333333 0.43312646370023417 0.0299375 0.016440281030444964
0 0.46270833333333333 0.43497658079625295 0.02802083333333333 0.016323185011709603
0 0.41525 0.4358548009367682 0.029333333333333333 0.016323185011709603
0 0.36904166666666666 0.4388758782201405 0.029770833333333333 0.016440281030444964
0 0.3050625 0.4402107728337237 0.029854166666666668 0.016311475409836067
0 0.6175625 0.454672131147541 0.02754166666666667 0.016323185011709603
0 0.3074791666666667 0.4655035128805621 0.029229166666666664 0.01680327868852459
0 0.6305625 0.68211943793911 0.028 0.01646370023419204
0 0.5699375 0.6863817330210772 0.028458333333333332 0.015456674473067915
0 0.5249166666666667 0.6871545667447307 0.0278125 0.016405152224824356
0 0.4810625 0.689648711943794 0.0285 0.015351288056206088
0 0.43674999999999997 0.6921545667447307 0.029187499999999998 0.015960187353629977
0 0.3904583333333333 0.6945433255269321 0.028291666666666666 0.016428571428571428
0 0.32883333333333337 0.6974473067915691 0.0295625 0.016159250585480095
0 0.6316875 0.7054215456674473 0.029333333333333333 0.01708430913348946
0 0.3314375 0.721440281030445 0.0288125 0.015784543325526933
