0 0.6742916666666667 0.35005854800936764 0.029229166666666664 0.01673302107728337
0 0.6104791666666666 0.3516393442622951 0.03179166666666667 0.016639344262295082
0 0.5639583333333333 0.35314988290398125 0.0299375 0.016440281030444964
0 0.5163958333333334 0.3547658079625293 0.0301875 0.017540983606557377
0 0.46860416666666665 0.35656908665105386 0.030500000000000003 0.01730679156908665
0 0.4205416666666667 0.35778688524590163 0.0319375 0.018571428571428572
0 0.35475 0.3583372365339578 0.0304375 0.017634660421545666
0 0.6744583333333334 0.3768384074941452 0.029708333333333333 0.018149882903981264
0 0.3578541666666667 0.38459016393442624 0.030395833333333334 0.017131147540983608
0 0.6768541666666666 0.6074355971896955 0.028 0.01646370023419204
0 0.6174583333333333 0.6099297423887587 0.028458333333333332 0.015456674473067915
0 0.5726458333333333 0.6109133489461359 0.0278125 0.016405152224824356
0 0.5275208333333333 0.6127751756440281 0.029666666666666668 0.01633489461358314
0 0.4819375 0.6148711943793911 0.029187499999999998 0.015960187353629977
0 0.4355833333333334 0.616592505854801 0.028291666666666666 0.016428571428571428
0 0.3763958333333333 0.6195784543325527 0.0295625 0.016159250585480095
0 0.6792083333333333 0.6309250585480093 0.029333333333333333 0.01617096018735363
0 0.377 0.6428103044496487 0.0288125 0.015784543325526933
