0 0.3627083333333333 0.3183606557377049 0.0568125 0.033665105386416865
0 0.5033333333333333 0.31982435597189696 0.06197916666666667 0.033665105386416865
0 0.6400208333333333 0.32421545667447305 0.059354166666666666 0.030737704918032786
0 0.7767291666666666 0.32494145199063235 0.06191666666666666 0.0351288056206089
0 0.36141666666666666 0.41861826697892274 0.05420833333333333 0.02927400468384075
0 0.6439374999999999 0.4193559718969555 0.056749999999999995 0.033665105386416865
0 0.774125 0.42008196721311475 0.05670833333333333 0.0351288056206089
0 0.504625 0.4215456674473068 0.059375 0.02927400468384075
0 0.9134375 0.6118266978922716 0.059270833333333335 0.0351288056206089
0 0.7767291666666666 0.6147540983606558 0.05670833333333333 0.0351288056206089
0 0.6452291666666666 0.6162177985948478 0.059354166666666666 0.0351288056206089
0 0.5085416666666667 0.6206088992974239 0.05677083333333333 0.0351288056206089
0 0.36141666666666666 0.6242740046838408 0.05420833333333333 0.033665105386416865
0 0.21429166666666666 0.627927400468384 0.06727083333333334 0.0351288056206089
1 0.8470208333333333 0.7142857142857143 0.07752083333333333 0.0468384074941452
1 0.711625 0.7179508196721311 0.08277083333333332 0.048302107728337235
1 0.4369166666666667 0.7238056206088993 0.08022916666666666 0.05122950819672131
1 0.2924166666666667 0.7274590163934426 0.08808333333333333 0.05269320843091335
1 0.780625 0.8138173302107728 0.0749375 0.049765807962529274
1 0.6517499999999999 0.8167447306791569 0.08279166666666667 0.05269320843091335
0 0.5124375 0.822599531615925 0.06458333333333334 0.0351288056206089
0 0.36922916666666666 0.8299180327868853 0.06983333333333334 0.038056206088992975
0 0.5827500000000001 0.9199297423887588 0.059375 0.02781030444964871
