0 0.8743333333333333 0.13173302107728338 0.07502083333333333 0.040983606557377046
0 0.7077083333333333 0.14125292740046838 0.06460416666666667 0.036592505854800936
0 0.6061458333333333 0.15003512880562062 0.06987499999999999 0.033665105386416865
0 0.4994166666666667 0.15735362997658078 0.059416666666666666 0.033665105386416865
0 0.3613958333333333 0.16393442622950818 0.0646875 0.038056206088992975
0 0.2676875 0.17199063231850117 0.059479166666666666 0.033665105386416865
0 0.17602083333333332 0.18077283372365338 0.0605 0.036592505854800936
0 0.8769375 0.2320023419203747 0.07502083333333333 0.039519906323185014
0 0.762375 0.24078454332552693 0.064625 0.033665105386416865
0 0.6504375 0.2459016393442623 0.06460416666666667 0.038056206088992975
0 0.5515000000000001 0.2502927400468384 0.06979166666666667 0.032201405152224825
0 0.4486458333333333 0.2576112412177986 0.06720833333333333 0.0351288056206089
0 0.36012500000000003 0.26346604215456676 0.0568125 0.0351288056206089
0 0.27106250000000004 0.2671194379391101 0.06310416666666667 0.033665105386416865
0 0.18566666666666667 0.2685948477751756 0.06208333333333334 0.030737704918032786
0 0.8196666666666667 0.34104215456674475 0.0698125 0.038056206088992975
0 0.6556458333333333 0.3483606557377049 0.06458333333333334 0.038056206088992975
0 0.548875 0.35202576112412176 0.06460416666666667 0.036592505854800936
0 0.45770833333333333 0.35495316159250584 0.0646875 0.036592505854800936
0 0.3627291666666667 0.35860655737704916 0.0568125 0.032201405152224825
0 0.2689791666666667 0.360807962529274 0.05164583333333333 0.033665105386416865
0 0.18175 0.3637353629976581 0.059479166666666666 0.033665105386416865
0 0.3639791666666667 0.45081967213114754 0.06470833333333333 0.032201405152224825
0 0.4577708333333333 0.4515573770491803 0.06983333333333334 0.036592505854800936
0 0.765 0.4515573770491803 0.06977083333333334 0.036592505854800936
0 0.5501874999999999 0.45228337236533955 0.05679166666666667 0.0351288056206089
0 0.6543333333333333 0.45228337236533955 0.07241666666666666 0.040983606557377046
0 0.27158333333333334 0.4544847775175644 0.056854166666666664 0.036592505854800936
1 0.27158333333333334 0.7325878220140515 0.08289583333333334 0.054156908665105384
1 0.40697916666666667 0.7413700234192038 0.07764583333333334 0.05122950819672131
1 0.5020208333333334 0.7413700234192038 0.07502083333333333 0.04537470725995316
1 0.6022708333333333 0.7464871194379391 0.07758333333333334 0.049765807962529274
1 0.7637083333333333 0.7530796252927401 0.09316666666666666 0.05708430913348946
1 0.2676875 0.8204098360655737 0.08029166666666666 0.048302107728337235
1 0.404375 0.8328454332552693 0.06722916666666667 0.0468384074941452
1 0.5059375 0.8417798594847775 0.07241666666666666 0.052974238875878224
1 0.6556458333333333 0.8483606557377049 0.07497916666666667 0.04859484777517564
1 0.7702291666666666 0.8593325526932084 0.0905625 0.05884074941451991
0 0.5033333333333333 0.936768149882904 0.062000000000000006 0.038056206088992975
