0 0.9394375 0.28249414519906324 0.07502083333333333 0.040983606557377046
0 0.6608333333333333 0.2905503512880562 0.06987499999999999 0.033665105386416865
0 0.7741041666666667 0.2905503512880562 0.077625 0.039519906323185014
0 0.5593125000000001 0.29640515222482433 0.059416666666666666 0.033665105386416865
0 0.3249791666666667 0.30372365339578455 0.059479166666666666 0.033665105386416865
0 0.4186875 0.3044496487119438 0.0646875 0.038056206088992975
0 0.23591666666666666 0.3125058548009368 0.0605 0.036592505854800936
0 0.8222708333333333 0.38276346604215455 0.064625 0.033665105386416865
0 0.9368333333333333 0.3842271662763466 0.07502083333333333 0.039519906323185014
0 0.7129375 0.38788056206088994 0.06460416666666667 0.038056206088992975
0 0.6087916666666667 0.39227166276346603 0.06979166666666667 0.032201405152224825
0 0.41481250000000003 0.3951990632318501 0.0568125 0.0351288056206089
0 0.5059375 0.3951990632318501 0.06720833333333333 0.0351288056206089
0 0.32054166666666667 0.39885245901639343 0.06310416666666667 0.033665105386416865
0 0.23333333333333334 0.40105386416861827 0.07610416666666667 0.0351288056206089
0 0.7077291666666666 0.4888758782201405 0.06458333333333334 0.038056206088992975
0 0.49937499999999996 0.48961358313817327 0.0646875 0.036592505854800936
0 0.8769583333333333 0.49033957845433257 0.0698125 0.038056206088992975
0 0.6009583333333333 0.49254098360655735 0.06460416666666667 0.036592505854800936
0 0.221625 0.49326697892271665 0.06310416666666667 0.0351288056206089
0 0.4004375 0.5840163934426229 0.06470833333333333 0.032201405152224825
0 0.4968333333333333 0.5876814988290399 0.06983333333333334 0.036592505854800936
0 0.5970624999999999 0.5913348946135831 0.05679166666666667 0.0351288056206089
0 0.7038125 0.5927985948477752 0.07241666666666666 0.040983606557377046
0 0.8196875 0.595 0.06977083333333334 0.036592505854800936
1 0.28720833333333334 0.8796838407494145 0.07768749999999999 0.05269320843091335
1 0.4278125 0.8913934426229508 0.07764583333333334 0.05562060889929742
1 0.5345833333333334 0.9009133489461358 0.06720833333333333 0.054156908665105384
1 0.6387291666666666 0.909695550351288 0.08800000000000001 0.05122950819672131
1 0.805375 0.9214051522248243 0.08795833333333333 0.05708430913348946
1 0.2781041666666667 0.9771662763466042 0.08029166666666666 0.04566744730679157
1 0.4252083333333333 0.9844847775175644 0.06202083333333333 0.031030444964871194
1 0.5267708333333333 0.9896135831381733 0.07241666666666666 0.02078454332552693
