0 0.2832708333333333 0.12587822014051522 0.0646875 0.038056206088992975
0 0.1895625 0.1310070257611241 0.059479166666666666 0.033665105386416865
0 0.09529166666666668 0.1383255269320843 0.0605 0.036592505854800936
0 0.8014166666666667 0.19833723653395785 0.07502083333333333 0.039519906323185014
0 0.6894583333333333 0.20419203747072598 0.064625 0.033665105386416865
0 0.5775208333333333 0.20784543325526933 0.06460416666666667 0.038056206088992975
0 0.4681666666666667 0.21223653395784545 0.06979166666666667 0.032201405152224825
0 0.373125 0.21955503512880561 0.06720833333333333 0.0351288056206089
0 0.2767916666666667 0.22394613583138173 0.0568125 0.0351288056206089
0 0.185125 0.2290632318501171 0.06310416666666667 0.033665105386416865
0 0.09972916666666666 0.23346604215456673 0.06208333333333334 0.030737704918032786
0 0.7441458333333333 0.3088407494145199 0.0698125 0.038056206088992975
0 0.5775208333333333 0.31323185011709603 0.06458333333333334 0.038056206088992975
0 0.4785625 0.3183606557377049 0.06460416666666667 0.036592505854800936
0 0.37697916666666664 0.31982435597189696 0.0646875 0.036592505854800936
0 0.27939583333333334 0.32201405152224827 0.0568125 0.032201405152224825
0 0.19345833333333334 0.3256791569086651 0.05164583333333333 0.033665105386416865
0 0.10102083333333334 0.3271428571428571 0.059479166666666666 0.033665105386416865
0 0.4720625 0.41569086651053866 0.05679166666666667 0.0351288056206089
0 0.5840208333333333 0.41715456674473067 0.07241666666666666 0.040983606557377046
0 0.3718333333333333 0.41789227166276344 0.06983333333333334 0.036592505854800936
0 0.6920833333333333 0.41789227166276344 0.06977083333333334 0.036592505854800936
0 0.19345833333333334 0.4193559718969555 0.056854166666666664 0.036592505854800936
0 0.28064583333333337 0.4215456674473068 0.06470833333333333 0.032201405152224825
1 0.20127083333333334 0.7033138173302108 0.08289583333333334 0.054156908665105384
1 0.3314583333333333 0.7062412177985948 0.07764583333333334 0.05122950819672131
1 0.4212916666666667 0.712096018735363 0.07502083333333333 0.04537470725995316
1 0.5254583333333334 0.715023419203747 0.08018750000000001 0.054156908665105384
1 0.6829791666666666 0.7252693208430914 0.09316666666666666 0.05708430913348946
1 0.19216666666666665 0.7940632318501171 0.08029166666666666 0.048302107728337235
1 0.32625 0.7991803278688525 0.06722916666666667 0.0468384074941452
1 0.42260416666666667 0.8095784543325527 0.07241666666666666 0.052974238875878224
1 0.5775208333333333 0.819824355971897 0.07497916666666667 0.05298594847775176
1 0.6895 0.8256674473067915 0.0905625 0.05884074941451991
0 0.806625 0.08635831381733021 0.07502083333333333 0.040983606557377046
0 0.42260416666666667 0.9053044496487119 0.051583333333333335 0.033665105386416865
0 0.6347916666666666 0.10026932084309133 0.06460416666666667 0.036592505854800936
0 0.5280208333333333 0.10905152224824355 0.06987499999999999 0.033665105386416865
0 0.4265 0.1149063231850117 0.059416666666666666 0.033665105386416865
