0 0.9212083333333333 0.21370023419203746 0.07502083333333333 0.040983606557377046
0 0.755875 0.21736533957845433 0.077625 0.039519906323185014
0 0.6478125 0.22761124121779858 0.06987499999999999 0.033665105386416865
0 0.5384791666666667 0.2320023419203747 0.059416666666666666 0.033665105386416865
0 0.30675 0.243711943793911 0.059479166666666666 0.033665105386416865
0 0.4030625 0.24736533957845433 0.0646875 0.038056206088992975
0 0.21247916666666666 0.24956674473067916 0.0605 0.036592505854800936
0 0.80925 0.31982435597189696 0.064625 0.033665105386416865
0 0.9212083333333333 0.31982435597189696 0.07502083333333333 0.039519906323185014
0 0.6999166666666666 0.32786885245901637 0.06460416666666667 0.038056206088992975
0 0.498125 0.33079625292740045 0.06720833333333333 0.0351288056206089
0 0.5983750000000001 0.3322599531615925 0.06979166666666667 0.032201405152224825
0 0.39658333333333334 0.33811475409836067 0.0568125 0.0351288056206089
0 0.21952083333333333 0.34031615925058545 0.06208333333333334 0.030737704918032786
0 0.30752083333333335 0.341768149882904 0.06310416666666667 0.033665105386416865
0 0.856125 0.4244730679156909 0.0698125 0.038056206088992975
0 0.6947083333333333 0.4274004683840749 0.06458333333333334 0.038056206088992975
0 0.5879375 0.4310655737704918 0.06460416666666667 0.036592505854800936
0 0.39658333333333334 0.43179156908665106 0.0568125 0.032201405152224825
0 0.3080416666666667 0.43252927400468383 0.05164583333333333 0.033665105386416865
0 0.49416666666666664 0.43252927400468383 0.0646875 0.036592505854800936
0 0.2182083333333333 0.4354566744730679 0.059479166666666666 0.033665105386416865
0 0.39783333333333337 0.5240046838407494 0.06470833333333333 0.032201405152224825
0 0.4890208333333333 0.5276697892271662 0.06983333333333334 0.036592505854800936
0 0.5892499999999999 0.5283957845433255 0.05679166666666667 0.0351288056206089
0 0.3002291666666667 0.5291334894613583 0.056854166666666664 0.036592505854800936
0 0.6986041666666666 0.5298594847775175 0.07241666666666666 0.040983606557377046
0 0.8040625 0.5305971896955504 0.06977083333333334 0.036592505854800936
1 0.28720833333333334 0.8130913348946136 0.08289583333333334 0.060011709601873534
1 0.43041666666666667 0.8204098360655737 0.07764583333333334 0.05122950819672131
1 0.5280625 0.8248009367681499 0.07502083333333333 0.04537470725995316
1 0.6335208333333333 0.8343091334894613 0.07758333333333334 0.049765807962529274
1 0.8027708333333333 0.8482201405152224 0.09316666666666666 0.05708430913348946
1 0.28070833333333334 0.9023770491803279 0.08029166666666666 0.048302107728337235
1 0.42260416666666667 0.9162763466042154 0.06722916666666667 0.0468384074941452
1 0.529375 0.9237470725995316 0.07241666666666666 0.052974238875878224
1 0.6816875 0.9405737704918032 0.07497916666666667 0.04859484777517564
1 0.798875 0.9544730679156909 0.0905625 0.05884074941451991
