0 0.8743125 0.25175644028103045 0.06454166666666666 0.0351288056206089
0 0.7167916666666667 0.25688524590163936 0.07239583333333334 0.039519906323185014
0 0.5592916666666666 0.2642037470725995 0.059416666666666666 0.033665105386416865
0 0.4056666666666667 0.27298594847775176 0.06464583333333333 0.036592505854800936
0 0.8873333333333334 0.359344262295082 0.059333333333333335 0.033665105386416865
0 0.7297916666666667 0.3651990632318501 0.06197916666666667 0.033665105386416865
0 0.5683958333333333 0.3769086651053864 0.062000000000000006 0.033665105386416865
0 0.4134791666666667 0.3798360655737705 0.059437500000000004 0.033665105386416865
0 0.9094374999999999 0.5781615925058547 0.06714583333333332 0.0351288056206089
0 0.7493333333333333 0.585480093676815 0.06979166666666667 0.038056206088992975
0 0.5970416666666666 0.5884074941451991 0.062000000000000006 0.0351288056206089
0 0.44597916666666665 0.5927985948477752 0.06204166666666667 0.0351288056206089
0 0.28935416666666663 0.6008548009367681 0.0683125 0.042447306791569085
1 0.9729166666666667 0.6864754098360656 0.05414583333333333 0.05269320843091335
1 0.8495833333333334 0.6894028103044496 0.08802083333333334 0.049765807962529274
1 0.5306458333333334 0.7018501170960187 0.08547916666666668 0.054156908665105384
1 0.3809166666666667 0.7077049180327869 0.088125 0.054156908665105384
1 0.9328749999999999 0.7947892271662763 0.08275 0.049765807962529274
1 0.7845 0.8013817330210773 0.08804166666666666 0.05122950819672131
0 0.6334583333333333 0.8094262295081968 0.06725 0.040983606557377046
0 0.4720625 0.8101639344262295 0.07247916666666666 0.039519906323185014
0 0.7154791666666667 0.9126229508196722 0.064625 0.039519906323185014
