0 0.7025208333333333 0.29859484777517564 0.06454166666666666 0.0351288056206089
0 0.5527916666666666 0.3007962529274005 0.07239583333333334 0.039519906323185014
0 0.4056875 0.30372365339578455 0.059416666666666666 0.033665105386416865
0 0.25466666666666665 0.30518735362997657 0.06464583333333333 0.036592505854800936
0 0.5606041666666666 0.400327868852459 0.06197916666666667 0.033665105386416865
0 0.7077291666666666 0.40179156908665103 0.059333333333333335 0.033665105386416865
0 0.4121875 0.4076463700234192 0.062000000000000006 0.033665105386416865
0 0.26508333333333334 0.40911007025761126 0.059437500000000004 0.033665105386416865
0 0.8704583333333333 0.6023185011709602 0.06189583333333334 0.036592505854800936
0 0.7246458333333333 0.6088992974238876 0.06714583333333332 0.0351288056206089
0 0.5710416666666667 0.6118266978922716 0.06197916666666667 0.038056206088992975
0 0.43041666666666667 0.6147540983606558 0.062000000000000006 0.0351288056206089
0 0.2846041666666667 0.6191451990632318 0.06204166666666667 0.0351288056206089
0 0.1270625 0.6235362997658079 0.06989583333333332 0.038056206088992975
1 0.8014791666666666 0.7098946135831382 0.08533333333333333 0.05269320843091335
1 0.6556666666666667 0.7157494145199064 0.09058333333333332 0.05562060889929742
1 0.366625 0.7201405152224825 0.095875 0.05562060889929742
1 0.21170833333333333 0.7274590163934426 0.09331249999999999 0.0585480093676815
1 0.7402708333333333 0.8152810304449649 0.08275 0.049765807962529274
1 0.5944583333333333 0.8204098360655737 0.08279166666666667 0.05122950819672131
0 0.4447291666666667 0.8255269320843092 0.06460416666666667 0.038056206088992975
0 0.29762500000000003 0.8306557377049181 0.06725 0.036592505854800936
0 0.5254583333333334 0.9272599531615925 0.05416666666666667 0.030737704918032786
