0 0.5982708333333334 0.4097189695550351 0.028645833333333332 0.01607728337236534
0 0.5341875 0.41235362997658076 0.030166666666666668 0.01572599531615925
0 0.4864375 0.413688524590164 0.0299375 0.016440281030444964
0 0.4389583333333333 0.41611241217798595 0.02802083333333333 0.016323185011709603
0 0.3895416666666666 0.4175292740046838 0.029333333333333333 0.016323185011709603
0 0.33989583333333334 0.4191217798594848 0.029770833333333333 0.016440281030444964
0 0.2736458333333333 0.4215807962529274 0.029854166666666668 0.016311475409836067
0 0.5997291666666666 0.43517564402810305 0.02754166666666667 0.016323185011709603
0 0.27764583333333337 0.44763466042154565 0.029229166666666664 0.01680327868852459
0 0.6144791666666667 0.6699414519906323 0.028 0.01646370023419204
0 0.5534374999999999 0.6739812646370024 0.028458333333333332 0.015456674473067915
0 0.5085208333333333 0.6759367681498829 0.0278125 0.016405152224824356
0 0.461875 0.6786299765807962 0.0285 0.015351288056206088
0 0.4161458333333333 0.6815573770491803 0.029187499999999998 0.015960187353629977
0 0.36795833333333333 0.6839695550351288 0.028291666666666666 0.016428571428571428
0 0.30416666666666664 0.6876697892271663 0.0295625 0.016159250585480095
0 0.6172083333333334 0.6934192037470726 0.029333333333333333 0.01708430913348946
0 0.30850000000000005 0.7116510538641686 0.0288125 0.015784543325526933
