0 0.5976666666666667 0.4093793911007026 0.028645833333333332 0.01607728337236534
0 0.5329583333333333 0.41166276346604214 0.030166666666666668 0.01572599531615925
0 0.48460416666666667 0.4129976580796253 0.0299375 0.016440281030444964
0 0.4352916666666667 0.4150819672131148 0.02802083333333333 0.016323185011709603
0 0.3871041666666667 0.41649882903981267 0.029333333333333333 0.016323185011709603
0 0.33622916666666663 0.417751756440281 0.029770833333333333 0.016440281030444964
0 0.26997916666666666 0.4205503512880562 0.029854166666666668 0.016311475409836067
0 0.5984999999999999 0.43517564402810305 0.02754166666666667 0.016323185011709603
0 0.27397916666666666 0.4472950819672131 0.029229166666666664 0.01680327868852459
0 0.6126458333333333 0.6699414519906323 0.028 0.01646370023419204
0 0.5516041666666667 0.6739812646370024 0.028458333333333332 0.015456674473067915
0 0.5072916666666667 0.676967213114754 0.0278125 0.016405152224824356
0 0.4594375 0.6789695550351288 0.0285 0.015351288056206088
0 0.41310416666666666 0.6829274004683841 0.029187499999999998 0.015960187353629977
0 0.3655208333333333 0.6843091334894613 0.028291666666666666 0.016428571428571428
0 0.3017291666666667 0.68903981264637 0.0295625 0.016159250585480095
0 0.615375 0.6941100702576112 0.029333333333333333 0.01708430913348946
0 0.30545833333333333 0.7123419203747073 0.0288125 0.015784543325526933
