0 0.6010416666666667 0.41920374707259955 0.028645833333333332 0.01607728337236534
0 0.5386041666666667 0.4208548009367682 0.030166666666666668 0.01572599531615925
0 0.491375 0.4228220140515222 0.0299375 0.016440281030444964
0 0.44487499999999996 0.4252224824355972 0.02802083333333333 0.016323185011709603
0 0.39499999999999996 0.4266393442622951 0.029333333333333333 0.016323185011709603
0 0.2806875 0.42879391100702574 0.029854166666666668 0.016311475409836067
0 0.346375 0.42885245901639346 0.029770833333333333 0.016440281030444964
0 0.6035833333333334 0.44436768149882905 0.02754166666666667 0.016323185011709603
0 0.284125 0.45522248243559715 0.029229166666666664 0.01680327868852459
0 0.6165833333333333 0.6772365339578454 0.028 0.01646370023419204
0 0.558375 0.68096018735363 0.028458333333333332 0.015456674473067915
0 0.512375 0.6836299765807963 0.0278125 0.016405152224824356
0 0.4656458333333333 0.6853161592505854 0.0285 0.015351288056206088
0 0.419875 0.6886299765807963 0.029187499999999998 0.015960187353629977
0 0.37116666666666664 0.691288056206089 0.028291666666666666 0.016428571428571428
0 0.30906249999999996 0.6947423887587821 0.0295625 0.016159250585480095
0 0.6181875 0.7010889929742389 0.029333333333333333 0.01708430913348946
0 0.31166666666666665 0.7190046838407493 0.0288125 0.015784543325526933
