0 0.5034791666666666 0.3560772833723653 0.0319375 0.019039812646370027
0 0.43966666666666665 0.35875878220140517 0.0328125 0.017576112412177984
0 0.3910416666666666 0.35997658079625294 0.0345625 0.019039812646370027
0 0.34197916666666667 0.3612060889929743 0.03197916666666666 0.018548009367681497
0 0.2924791666666666 0.36314988290398126 0.03197916666666666 0.018548009367681497
0 0.23864583333333333 0.36485948477751756 0.03372916666666667 0.019039812646370027
0 0.17179166666666665 0.3658430913348946 0.033749999999999995 0.020011709601873536
0 0.5069583333333333 0.38316159250585485 0.0301875 0.018548009367681497
0 0.1756875 0.3939110070257611 0.03114583333333333 0.017576112412177984
0 0.45789583333333334 0.623559718969555 0.029333333333333333 0.01708430913348946
0 0.41318750000000004 0.6257611241217799 0.03195833333333333 0.017576112412177984
0 0.3649791666666667 0.6284426229508198 0.031104166666666665 0.018056206088992974
0 0.3193958333333333 0.6306440281030445 0.03197916666666666 0.018548009367681497
0 0.27077083333333335 0.63307962529274 0.03372916666666667 0.018548009367681497
