0 0.6504375 0.2605386416861827 0.06454166666666666 0.0351288056206089
0 0.4981041666666667 0.2671311475409836 0.07239583333333334 0.039519906323185014
0 0.18697916666666667 0.2671311475409836 0.06464583333333333 0.036592505854800936
0 0.34579166666666666 0.2685948477751756 0.059416666666666666 0.033665105386416865
0 0.5059166666666667 0.37105386416861824 0.06197916666666667 0.033665105386416865
0 0.6504375 0.37105386416861824 0.059333333333333335 0.033665105386416865
0 0.19997916666666665 0.3739812646370023 0.059437500000000004 0.033665105386416865
0 0.35229166666666667 0.3769086651053864 0.062000000000000006 0.033665105386416865
0 0.8079583333333333 0.5745081967213115 0.06189583333333334 0.036592505854800936
0 0.5189583333333333 0.5796252927400468 0.06197916666666667 0.038056206088992975
0 0.6595416666666666 0.5796252927400468 0.06714583333333332 0.0351288056206089
0 0.373125 0.5898711943793911 0.062000000000000006 0.0351288056206089
0 0.21429166666666666 0.5913348946135831 0.06204166666666667 0.0351288056206089
0 0.056749999999999995 0.5957259953161592 0.06989583333333332 0.038056206088992975
1 0.7415833333333333 0.6820843091334895 0.08533333333333333 0.05269320843091335
1 0.29891666666666666 0.6952576112412178 0.095875 0.05562060889929742
1 0.14660416666666667 0.699648711943794 0.09331249999999999 0.0585480093676815
1 0.6777708333333333 0.7889344262295082 0.08275 0.049765807962529274
0 0.23252083333333334 0.8035714285714286 0.056854166666666664 0.02927400468384075
