2 0.12578125 0.24609375 0.0328125 0.284375
2 0.1953125 0.246875 0.06484375 0.31796875
2 0.29375 0.24140625 0.0640625 0.30234375
2 0.37734375 0.24375 0.0671875 0.2671875
2 0.46953125 0.246875 0.06171875 0.309375
2 0.56171875 0.24921875 0.06875 0.309375
2 0.65625 0.23828125 0.05390625 0.3046875
2 0.73984375 0.24921875 0.0703125 0.31796875
2 0.8359375 0.24921875 0.0609375 0.29609375
2 0.9203125 0.2453125 0.05625 0.29140625
2 0.10703125 0.78984375 0.01875 0.06640625
2 0.1984375 0.7890625 0.0171875 0.05078125
2 0.2890625 0.8046875 0.01640625 0.0640625
2 0.3796875 0.80546875 0.01796875 0.05703125
2 0.3796875 0.5375 0.01796875 0.0421875
2 0.1984375 0.5359375 0.0140625 0.03515625
2 0.4703125 0.66640625 0.046875 0.0484375
2 0.65 0.7328125 0.04375 0.06171875
2 0.6515625 0.596875 0.04296875 0.0640625
