2 0.096875 0.23984375 0.16796875 0.4265625
2 0.34921875 0.2375 0.05390625 0.3765625
2 0.49609375 0.2375 0.1671875 0.42109375
2 0.7 0.234375 0.15703125 0.4328125
2 0.9078125 0.2265625 0.153125 0.40625
2 0.09453125 0.73828125 0.1515625 0.4296875
2 0.29375 0.7359375 0.15703125 0.42265625
2 0.515625 0.7265625 0.1203125 0.403125
2 0.70078125 0.7296875 0.1609375 0.425
2 0.9046875 0.73984375 0.1546875 0.41796875
2 0.17734375 0.43828125 0.03671875 0.0546875
2 0.37578125 0.434375 0.03359375 0.06796875
2 0.7796875 0.43984375 0.02734375 0.053125
2 0.978125 0.440625 0.03125 0.0578125
2 0.97890625 0.94140625 0.03125 0.04765625
2 0.778125 0.94375 0.03046875 0.05625
2 0.57890625 0.940625 0.0328125 0.0578125
2 0.378125 0.93984375 0.0328125 0.053125
2 0.17734375 0.94453125 0.03671875 0.0546875
2 0.58046875 0.4359375 0.03359375 0.05625
