3 0.3125 0.36875 0.01953125 0.1125
3 0.33828125 0.36484375 0.0265625 0.121875
3 0.3734375 0.3671875 0.02890625 0.1234375
3 0.409375 0.3640625 0.03046875 0.1234375
3 0.30859375 0.528125 0.04453125 0.18046875
3 0.35703125 0.52421875 0.0421875 0.17734375
3 0.54765625 0.5125 0.03984375 0.1734375
3 0.4171875 0.5203125 0.0203125 0.16171875
3 0.6140625 0.51015625 0.02421875 0.17734375
3 0.4484375 0.52265625 0.04296875 0.184375
3 0.4984375 0.5171875 0.04609375 0.184375
3 0.64921875 0.5109375 0.03984375 0.19296875
3 0.35546875 0.4125 0.0109375 0.0265625
3 0.5296875 0.47265625 0.52578125 0.40859375
3 0.57265625 0.5859375 0.01328125 0.03359375
