3 0.3890625 0.3390625 0.115625 0.275
3 0.5546875 0.31953125 0.17265625 0.25234375
3 0.734375 0.275 0.15546875 0.26640625
3 0.54296875 0.2984375 0.58515625 0.3234375
3 0.60546875 0.38984375 0.0296875 0.03203125
3 0.578125 0.8109375 0.06328125 0.090625
3 0.50625 0.81953125 0.0484375 0.0953125
3 0.4578125 0.83046875 0.0296875 0.090625
3 0.53359375 0.85078125 0.0125 0.01484375
3 0.7828125 0.80546875 0.05859375 0.0859375
3 0.8453125 0.79140625 0.05390625 0.09296875
3 0.87265625 0.821875 0.0125 0.01640625
3 0.9125 0.7828125 0.0578125 0.08984375
3 0.8484375 0.79375 0.20078125 0.13125
3 0.515625 0.8203125 0.21015625 0.128125
