2 0.07890625 0.875 0.0203125 0.05859375
2 0.97109375 0.871875 0.0171875 0.05625
2 0.8703125 0.75078125 0.0515625 0.07265625
2 0.059375 0.24375 0.09375 0.42109375
2 0.1859375 0.23671875 0.0359375 0.38515625
2 0.25625 0.23984375 0.084375 0.43359375
2 0.35703125 0.24375 0.0921875 0.43359375
2 0.459375 0.24140625 0.08984375 0.375
2 0.55546875 0.24375 0.0875 0.425
2 0.65625 0.24453125 0.09140625 0.41875
2 0.76015625 0.23125 0.0796875 0.39609375
2 0.85546875 0.24921875 0.08671875 0.40234375
2 0.95546875 0.24765625 0.084375 0.40390625
