2 0.30078125 0.20078125 0.11328125 0.13671875
2 0.43515625 0.209375 0.0609375 0.15
2 0.421875 0.3796875 0.084375 0.13671875
2 0.43046875 0.5359375 0.0703125 0.1265625
2 0.2953125 0.52265625 0.13125 0.16328125
2 0.3 0.36328125 0.11171875 0.13828125
2 0.521875 0.21796875 0.0890625 0.15
2 0.52734375 0.37578125 0.08984375 0.14296875
2 0.5234375 0.5390625 0.1015625 0.13359375
2 0.40390625 0.21171875 0.34453125 0.17421875
2 0.40703125 0.37578125 0.34375 0.165625
2 0.41171875 0.53203125 0.34453125 0.17109375
