3 0.6296875 0.19453125 0.1109375 0.14296875
3 0.740625 0.1953125 0.11640625 0.14453125
3 0.86328125 0.19609375 0.1078125 0.1328125
3 0.34140625 0.54765625 0.3171875 0.26484375
3 0.334375 0.4828125 0.0359375 0.07421875
3 0.39296875 0.475 0.0515625 0.09296875
3 0.28359375 0.60546875 0.04765625 0.0890625
3 0.34765625 0.58984375 0.04921875 0.08828125
3 0.409375 0.5640625 0.05 0.078125
3 0.31484375 0.63125 0.0109375 0.0140625
3 0.7078125 0.7828125 0.3484375 0.1375
3 0.67265625 0.24609375 0.01796875 0.01875
