3 0.30703125 0.46640625 0.05 0.18203125
3 0.35703125 0.465625 0.04921875 0.18046875
3 0.4203125 0.46328125 0.01796875 0.17734375
3 0.45390625 0.465625 0.04453125 0.18046875
3 0.50546875 0.4640625 0.04921875 0.1890625
3 0.55625 0.4640625 0.04921875 0.1859375
3 0.6203125 0.45859375 0.02578125 0.17734375
3 0.6578125 0.4640625 0.046875 0.18203125
3 0.3125 0.3 0.01875 0.11484375
3 0.33984375 0.3015625 0.03203125 0.1234375
3 0.375 0.30390625 0.03046875 0.121875
3 0.4125 0.30234375 0.0328125 0.121875
3 0.5296875 0.42109375 0.525 0.41796875
3 0.35546875 0.3515625 0.0109375 0.02734375
3 0.39296875 0.35078125 0.0078125 0.021875
3 0.57890625 0.5375 0.0125 0.0453125
3 0.5359375 0.3453125 0.0078125 0.0203125
3 0.7296875 0.42734375 0.021875 0.0796875
