3 0.328125 0.20859375 0.11171875 0.13515625
3 0.45078125 0.2171875 0.06796875 0.13671875
3 0.34140625 0.37421875 0.10234375 0.1171875
3 0.4546875 0.3734375 0.05234375 0.125
3 0.34609375 0.525 0.05546875 0.1171875
3 0.44609375 0.534375 0.04375 0.11953125
3 0.5328125 0.5359375 0.096875 0.13984375
3 0.53671875 0.37890625 0.0859375 0.140625
3 0.5390625 0.21953125 0.08984375 0.13984375
3 0.421875 0.21640625 0.33359375 0.16796875
3 0.4203125 0.37421875 0.33046875 0.16015625
3 0.42109375 0.5328125 0.325 0.1625
