1 0.55 0.14375 0.3921875 0.2828125
1 0.5375 0.8625 0.3828125 0.2734375
1 0.54375 0.5046875 0.3875 0.39375
1 0.546875 0.50625 0.034375 0.0328125
1 0.54375 0.9125 0.0359375 0.0359375
1 0.55 0.09375 0.03125 0.0328125
1 0.459375 0.815625 0.0234375 0.0234375
1 0.4546875 0.415625 0.059375 0.0625
1 0.4484375 0.190625 0.046875 0.0515625
1 0.465625 0.025 0.06875 0.0484375
1 0.44375 0.60625 0.0375 0.05
1 0.475 0.9796875 0.0375 0.0375
1 0.60625 0.3921875 0.01875 0.021875
1 0.61875 0.1015625 0.01875 0.021875
1 0.5046875 0.8015625 0.0359375 0.0640625
