1 0.1421875 0.45 0.284375 0.3921875
1 0.86875 0.4625 0.2609375 0.3921875
1 0.50625 0.459375 0.3796875 0.4015625
1 0.09375 0.45 0.0328125 0.0328125
1 0.5046875 0.453125 0.034375 0.0359375
1 0.9125 0.45625 0.0328125 0.03125
1 0.815625 0.5390625 0.025 0.025
1 0.40625 0.553125 0.0484375 0.0515625
1 0.175 0.5359375 0.0515625 0.0453125
1 0.5859375 0.54375 0.059375 0.0484375
1 0.98125 0.5234375 0.0375 0.0453125
1 0.025 0.5296875 0.05 0.065625
1 0.80625 0.4953125 0.05625 0.0375
1 0.1046875 0.3890625 0.021875 0.01875
1 0.4046875 0.39375 0.021875 0.0265625
