1 0.871875 0.49375 0.253125 0.3703125
1 0.5125 0.4875 0.3609375 0.3625
1 0.1421875 0.490625 0.284375 0.3578125
1 0.10625 0.48125 0.0265625 0.0296875
1 0.5140625 0.48125 0.028125 0.0296875
1 0.4375 0.5578125 0.0546875 0.053125
1 0.925 0.48125 0.025 0.0296875
1 0.8515625 0.5578125 0.053125 0.053125
1 0.45625 0.3796875 0.01875 0.021875
1 0.596875 0.5578125 0.05625 0.05625
1 0.1875 0.5625 0.0578125 0.0484375
1 0.871875 0.38125 0.0203125 0.0234375
1 0.021875 0.409375 0.0234375 0.0203125
1 0.025 0.559375 0.0453125 0.04375
