1 0.5125 0.85625 0.3890625 0.284375
1 0.48125 0.075 0.0296875 0.0296875
1 0.484375 0.13125 0.38125 0.2609375
1 0.48125 0.484375 0.0296875 0.028125
1 0.48125 0.89375 0.025 0.0265625
1 0.5046875 0.4875 0.384375 0.36875
1 0.38125 0.125 0.0234375 0.0203125
1 0.38125 0.5421875 0.0234375 0.01875
1 0.5671875 0.80625 0.05625 0.0578125
1 0.5625 0.5625 0.0578125 0.0625
1 0.5625 0.40625 0.0546875 0.053125
1 0.5609375 0.96875 0.053125 0.05
1 0.5734375 0.1578125 0.0484375 0.05
1 0.4125 0.978125 0.025 0.0234375
