0 0.9394375 0.2429742388758782 0.07502083333333333 0.040983606557377046
0 0.7688958333333333 0.2510304449648712 0.077625 0.039519906323185014
0 0.6634375 0.2554215456674473 0.06987499999999999 0.033665105386416865
0 0.5567083333333334 0.25981264637002344 0.059416666666666666 0.033665105386416865
0 0.4160833333333333 0.26639344262295084 0.0646875 0.038056206088992975
0 0.322375 0.2685948477751756 0.059479166666666666 0.033665105386416865
0 0.22810416666666666 0.27444964871194377 0.0605 0.036592505854800936
0 0.9368333333333333 0.34763466042154567 0.07502083333333333 0.039519906323185014
0 0.8196666666666667 0.35202576112412176 0.064625 0.033665105386416865
0 0.7103333333333333 0.352751756440281 0.06460416666666667 0.038056206088992975
0 0.6035833333333334 0.35860655737704916 0.06979166666666667 0.032201405152224825
0 0.5033333333333333 0.36007025761124123 0.06720833333333333 0.0351288056206089
0 0.40439583333333334 0.36153395784543324 0.0568125 0.0351288056206089
0 0.31272916666666667 0.36372365339578455 0.06310416666666667 0.033665105386416865
0 0.23254166666666667 0.36812646370023416 0.06208333333333334 0.030737704918032786
0 0.5983541666666666 0.4530210772833724 0.06460416666666667 0.036592505854800936
0 0.5019791666666666 0.4544847775175644 0.0646875 0.036592505854800936
0 0.7077291666666666 0.45521077283372363 0.06458333333333334 0.038056206088992975
0 0.8743541666666667 0.45521077283372363 0.0698125 0.038056206088992975
0 0.40439583333333334 0.4566744730679157 0.0568125 0.032201405152224825
0 0.2208125 0.45741217798594846 0.059479166666666666 0.033665105386416865
0 0.31325000000000003 0.46033957845433254 0.05164583333333333 0.033665105386416865
0 0.39783333333333337 0.550351288056206 0.06470833333333333 0.032201405152224825
0 0.5970624999999999 0.5532786885245902 0.05679166666666667 0.0351288056206089
0 0.30283333333333334 0.554016393442623 0.056854166666666664 0.036592505854800936
0 0.4968333333333333 0.555480093676815 0.06983333333333334 0.036592505854800936
0 0.7012083333333333 0.5562060889929742 0.07241666666666666 0.040983606557377046
0 0.8144791666666666 0.5627985948477752 0.06977083333333334 0.036592505854800936
1 0.2924166666666667 0.8409016393442623 0.08289583333333334 0.060011709601873534
1 0.43041666666666667 0.8511475409836066 0.07764583333333334 0.05122950819672131
1 0.5306666666666666 0.8584660421545668 0.07502083333333333 0.04537470725995316
1 0.6413333333333333 0.8650468384074942 0.07758333333333334 0.049765807962529274
1 0.8105833333333333 0.8818852459016393 0.09316666666666666 0.05708430913348946
1 0.28070833333333334 0.9375058548009367 0.08029166666666666 0.048302107728337235
1 0.4252083333333333 0.9543325526932084 0.06722916666666667 0.0468384074941452
1 0.5241666666666667 0.9647306791569087 0.07241666666666666 0.052974238875878224
1 0.6816875 0.9757025761124122 0.07497916666666667 0.04859484777517564
1 0.8014791666666666 0.9815573770491803 0.0905625 0.036885245901639344
