0 0.9820416666666667 0.29859484777517564 0.035895833333333335 0.0351288056206089
0 0.8573541666666666 0.30518735362997657 0.07239583333333334 0.039519906323185014
0 0.7154791666666667 0.3154332552693208 0.059416666666666666 0.033665105386416865
0 0.5696666666666667 0.32421545667447305 0.06464583333333333 0.036592505854800936
0 0.8729791666666666 0.40911007025761126 0.06197916666666667 0.033665105386416865
0 0.7245833333333334 0.4164285714285714 0.062000000000000006 0.033665105386416865
0 0.5826875 0.4193559718969555 0.059437500000000004 0.033665105386416865
0 0.9029375000000001 0.6118266978922716 0.06979166666666667 0.038056206088992975
0 0.7584375 0.622072599531616 0.062000000000000006 0.0351288056206089
0 0.61 0.625 0.06204166666666667 0.0351288056206089
0 0.46637500000000004 0.631592505854801 0.0683125 0.042447306791569085
1 0.9716041666666667 0.7142857142857143 0.05677083333333333 0.049765807962529274
1 0.6946458333333333 0.7281967213114754 0.08547916666666668 0.054156908665105384
1 0.5527291666666667 0.7340515222482435 0.088125 0.054156908665105384
1 0.9328958333333334 0.8218735362997658 0.08804166666666666 0.05122950819672131
0 0.7844583333333334 0.8240632318501171 0.06725 0.040983606557377046
0 0.6386875 0.8335831381733021 0.07247916666666666 0.039519906323185014
0 0.8742708333333333 0.9272599531615925 0.064625 0.039519906323185014
