0 0.6727916666666667 0.35386416861826697 0.035187500000000003 0.01927400468384075
0 0.5485 0.35450819672131145 0.03179166666666667 0.017985948477751756
0 0.44452083333333337 0.35552693208430913 0.036375000000000005 0.017985948477751756
0 0.6021249999999999 0.3557377049180328 0.03291666666666667 0.018629976580796254
0 0.3193958333333333 0.35579625292740047 0.032979166666666664 0.01927400468384075
0 0.49814583333333334 0.3560655737704918 0.0329375 0.017985948477751756
0 0.39139583333333333 0.35611241217798595 0.03754166666666667 0.018629976580796254
0 0.6717291666666667 0.3814871194379391 0.03175 0.017985948477751756
0 0.32064583333333335 0.38502341920374705 0.034124999999999996 0.018629976580796254
0 0.6615416666666667 0.6358782201405152 0.03289583333333333 0.01605386416861827
0 0.5974583333333333 0.63596018735363 0.03177083333333333 0.017341920374707262
0 0.5456458333333334 0.6384426229508197 0.03291666666666667 0.018629976580796254
0 0.49977083333333333 0.6387704918032787 0.030645833333333334 0.017985948477751756
0 0.44633333333333336 0.6406440281030445 0.0318125 0.01990632318501171
0 0.6624583333333334 0.6600702576112413 0.028979166666666667 0.016451990632318503
