0 0.7285625 0.3366510538641686 0.06454166666666666 0.0351288056206089
0 0.5866458333333333 0.3417798594847775 0.07239583333333334 0.033665105386416865
0 0.43954166666666666 0.3461709601873536 0.059416666666666666 0.033665105386416865
0 0.29633333333333334 0.35056206088992975 0.06464583333333333 0.036592505854800936
0 0.736375 0.4354566744730679 0.059333333333333335 0.033665105386416865
0 0.5970624999999999 0.44131147540983606 0.06197916666666667 0.033665105386416865
0 0.45125 0.4471662763466042 0.062000000000000006 0.033665105386416865
0 0.30675 0.4515573770491803 0.05422916666666667 0.033665105386416865
0 0.9095208333333333 0.6359836065573771 0.06189583333333334 0.036592505854800936
0 0.7663125 0.6411007025761124 0.06714583333333332 0.0351288056206089
0 0.6166041666666667 0.6440281030444965 0.059375 0.038056206088992975
0 0.4746875 0.6484192037470726 0.062000000000000006 0.0351288056206089
0 0.32627083333333334 0.6557377049180327 0.06204166666666667 0.0351288056206089
0 0.1791458333333333 0.663056206088993 0.06989583333333332 0.038056206088992975
1 0.8444375 0.7384426229508196 0.08272916666666667 0.048302107728337235
1 0.6999375000000001 0.7464871194379391 0.08537499999999999 0.05269320843091335
1 0.4135 0.7567330210772834 0.08545833333333334 0.049765807962529274
1 0.25987499999999997 0.7640515222482436 0.08549999999999999 0.05562060889929742
1 0.7845416666666666 0.8467564402810305 0.08275 0.048302107728337235
1 0.6387291666666666 0.8526112412177986 0.08279166666666667 0.05122950819672131
0 0.4942083333333333 0.857728337236534 0.06460416666666667 0.038056206088992975
0 0.3471041666666667 0.867248243559719 0.06725 0.036592505854800936
0 0.5801458333333334 0.9623887587822014 0.05416666666666667 0.030737704918032786
