0 0.6825416666666667 0.3607962529274005 0.029229166666666664 0.01673302107728337
0 0.6170833333333333 0.3628922716627635 0.03179166666666667 0.016639344262295082
0 0.5701666666666667 0.363887587822014 0.0299375 0.016440281030444964
0 0.5211041666666667 0.3654449648711944 0.0301875 0.017540983606557377
0 0.47391666666666665 0.3664754098360656 0.030500000000000003 0.01730679156908665
0 0.42360416666666667 0.3675292740046838 0.0319375 0.018571428571428572
0 0.35864583333333333 0.36950819672131147 0.0304375 0.017634660421545666
0 0.6831875000000001 0.3866042154566745 0.029708333333333333 0.018149882903981264
0 0.3612083333333333 0.3949414519906323 0.030395833333333334 0.017131147540983608
0 0.6878541666666667 0.6212412177985948 0.028 0.01646370023419204
0 0.6285208333333333 0.6230444964871195 0.028458333333333332 0.015456674473067915
0 0.5823541666666666 0.6246370023419204 0.0278125 0.016405152224824356
0 0.5365416666666667 0.6266627634660421 0.029666666666666668 0.01633489461358314
0 0.49139583333333337 0.6280913348946136 0.029187499999999998 0.015960187353629977
0 0.44410416666666663 0.6295081967213115 0.028291666666666666 0.016428571428571428
0 0.38229166666666664 0.6324707259953162 0.0295625 0.016159250585480095
0 0.6902291666666667 0.6440046838407494 0.029333333333333333 0.01617096018735363
0 0.38425 0.6560772833723653 0.0288125 0.015784543325526933
