0 0.42260416666666667 0.3154332552693208 0.06197916666666667 0.033665105386416865
0 0.2715625 0.3168969555035129 0.0568125 0.033665105386416865
0 0.5618958333333333 0.3183606557377049 0.059354166666666666 0.030737704918032786
0 0.696 0.3190866510538642 0.06191666666666666 0.0351288056206089
0 0.272875 0.41861826697892274 0.05420833333333333 0.02927400468384075
0 0.4265 0.41861826697892274 0.059375 0.02927400468384075
0 0.6933958333333333 0.41861826697892274 0.05670833333333333 0.0351288056206089
0 0.5632083333333333 0.4193559718969555 0.056749999999999995 0.033665105386416865
0 0.8379166666666666 0.6132903981264637 0.059270833333333335 0.0351288056206089
0 0.7038125 0.6147540983606558 0.05670833333333333 0.0351288056206089
0 0.5697083333333333 0.6191451990632318 0.059354166666666666 0.0351288056206089
0 0.4330208333333333 0.6235362997658079 0.05677083333333333 0.0351288056206089
0 0.2858958333333333 0.6272014051522248 0.05420833333333333 0.033665105386416865
0 0.1335625 0.6337822014051522 0.06727083333333334 0.0351288056206089
1 0.7793125 0.7128220140515222 0.07752083333333333 0.0468384074941452
1 0.6439166666666666 0.7223419203747072 0.08277083333333332 0.048302107728337235
1 0.364 0.7325878220140515 0.08022916666666666 0.05122950819672131
1 0.2116875 0.7391686182669789 0.08808333333333333 0.05269320843091335
1 0.7207291666666666 0.8182084309133489 0.0749375 0.049765807962529274
1 0.5840416666666666 0.8240632318501171 0.08279166666666667 0.05269320843091335
0 0.4447291666666667 0.8343091334894613 0.06458333333333334 0.0351288056206089
0 0.29110416666666666 0.8416276346604216 0.06983333333333334 0.038056206088992975
0 0.5176458333333334 0.928711943793911 0.059375 0.02781030444964871
