0 0.8859166666666667 0.38934426229508196 0.06152083333333334 0.038056206088992975
0 0.7648958333333333 0.39227166276346603 0.07512500000000001 0.040983606557377046
0 0.6355625 0.3951990632318501 0.07352083333333333 0.040983606557377046
0 0.3999375 0.4003161592505855 0.06570833333333333 0.039519906323185014
0 0.285875 0.40398126463700235 0.07514583333333333 0.040983606557377046
0 0.16222916666666667 0.4069086651053864 0.07772916666666667 0.038056206088992975
0 0.6472708333333334 0.5620608899297423 0.07089583333333334 0.040983606557377046
0 0.5254166666666666 0.5686533957845433 0.06991666666666667 0.042447306791569085
0 0.4064375 0.5693793911007026 0.07352083333333333 0.040983606557377046
1 0.9236666666666667 0.7428337236533957 0.09535416666666667 0.060011709601873534
1 0.7310833333333334 0.7435597189695551 0.10116666666666667 0.06147540983606557
1 0.3496458333333334 0.7457611241217799 0.10377083333333334 0.060011709601873534
1 0.16483333333333333 0.7457611241217799 0.09856250000000001 0.060011709601873534
1 0.4494166666666667 0.9309133489461359 0.0969375 0.0585480093676815
1 0.6368541666666666 0.9309133489461359 0.09695833333333333 0.06440281030444965
