0 0.8859166666666667 0.3747072599531616 0.06152083333333334 0.038056206088992975
0 0.7596875 0.37763466042154564 0.07512500000000001 0.040983606557377046
0 0.62775 0.3820257611241218 0.07352083333333333 0.040983606557377046
0 0.3947291666666667 0.3856791569086651 0.06570833333333333 0.039519906323185014
0 0.27025 0.39227166276346603 0.07514583333333333 0.040983606557377046
0 0.15441666666666667 0.3951990632318501 0.07772916666666667 0.038056206088992975
0 0.6420625 0.5518149882903981 0.07089583333333334 0.040983606557377046
0 0.5254166666666666 0.5525526932084309 0.06991666666666667 0.042447306791569085
0 0.4012291666666667 0.5547423887587822 0.07352083333333333 0.040983606557377046
1 0.91325 0.7296604215456675 0.09535416666666667 0.060011709601873534
1 0.7232708333333334 0.7333138173302107 0.10116666666666667 0.06147540983606557
1 0.3418333333333334 0.7355152224824356 0.10377083333333334 0.060011709601873534
1 0.15441666666666667 0.7369789227166277 0.09856250000000001 0.060011709601873534
1 0.6368541666666666 0.9192037470725996 0.09695833333333333 0.06440281030444965
1 0.4442083333333333 0.9221311475409836 0.0969375 0.0585480093676815
