0 0.9615208333333333 0.3556791569086651 0.06727083333333334 0.0351288056206089
0 0.8326041666666666 0.3629976580796253 0.07512500000000001 0.040983606557377046
0 0.7058333333333333 0.3644613583138173 0.07352083333333333 0.040983606557377046
0 0.4676458333333333 0.3739695550351288 0.06570833333333333 0.039519906323185014
0 0.35877083333333337 0.3790983606557377 0.07514583333333333 0.040983606557377046
0 0.24552083333333333 0.3805620608899297 0.07772916666666667 0.038056206088992975
0 0.7227708333333334 0.5313231850117096 0.07089583333333334 0.040983606557377046
0 0.5983125 0.5364519906323185 0.06991666666666667 0.042447306791569085
0 0.47675 0.5401053864168618 0.07352083333333333 0.040983606557377046
1 0.7987708333333334 0.7106323185011709 0.10116666666666667 0.054156908665105384
1 0.9702708333333334 0.7113583138173302 0.05945833333333333 0.0585480093676815
1 0.4251666666666667 0.712096018735363 0.10377083333333334 0.060011709601873534
1 0.24812499999999998 0.7164871194379391 0.09856250000000001 0.060011709601873534
1 0.5223125000000001 0.8928571428571429 0.0969375 0.0585480093676815
1 0.7123541666666667 0.8957845433255269 0.09695833333333333 0.06440281030444965
