0 0.9801666666666667 0.3439695550351288 0.03966666666666666 0.040983606557377046
0 0.7644375 0.3556791569086651 0.06570833333333333 0.038056206088992975
0 0.6477708333333333 0.35714285714285715 0.07514583333333333 0.040983606557377046
0 0.537125 0.36153395784543324 0.07772916666666667 0.038056206088992975
0 0.985375 0.509367681498829 0.029249999999999998 0.040983606557377046
0 0.8899375 0.5115690866510538 0.06991666666666667 0.042447306791569085
0 0.7709375 0.5166861826697893 0.07352083333333333 0.040983606557377046
1 0.7271666666666667 0.6798946135831382 0.10377083333333334 0.060011709601873534
1 0.5501458333333333 0.6813583138173303 0.09856250000000001 0.060011709601873534
1 0.9775625 0.851135831381733 0.044895833333333336 0.05708430913348946
1 0.819125 0.8518735362997658 0.0969375 0.0585480093676815
