0 0.9237291666666666 0.34104215456674475 0.07512500000000001 0.040983606557377046
0 0.812625 0.3439695550351288 0.07352083333333333 0.040983606557377046
0 0.59 0.349824355971897 0.06570833333333333 0.038056206088992975
0 0.47333333333333333 0.352751756440281 0.07514583333333333 0.040983606557377046
0 0.3705 0.35714285714285715 0.07772916666666667 0.038056206088992975
0 0.8295416666666667 0.5020491803278688 0.07089583333333334 0.040983606557377046
0 0.7128958333333333 0.5057142857142857 0.06991666666666667 0.042447306791569085
0 0.5965 0.5064402810304449 0.07352083333333333 0.040983606557377046
1 0.8951250000000001 0.6659836065573771 0.10116666666666667 0.06147540983606557
1 0.550125 0.6681850117096019 0.10377083333333334 0.060011709601873534
1 0.3809166666666667 0.6696487119437939 0.09856250000000001 0.060011709601873534
1 0.8217083333333334 0.8335714285714286 0.09695833333333333 0.05708430913348946
1 0.6446875 0.8357728337236534 0.0969375 0.0585480093676815
