0 0.6615208333333332 0.3669086651053864 0.03170833333333333 0.01953161592505855
0 0.539875 0.3672950819672131 0.033125 0.01875878220140515
0 0.5920000000000001 0.3672950819672131 0.034499999999999996 0.017189695550351287
0 0.4356041666666667 0.36807962529274 0.0359375 0.01875878220140515
0 0.4877291666666667 0.36807962529274 0.034520833333333334 0.01875878220140515
0 0.381375 0.36846604215456674 0.0359375 0.02110070257611241
0 0.31187499999999996 0.3700351288056206 0.035958333333333335 0.01953161592505855
0 0.6608125 0.393864168618267 0.030312500000000003 0.01875878220140515
0 0.31327083333333333 0.3989461358313817 0.0331875 0.01797423887587822
0 0.6528125 0.6440515222482436 0.027125 0.016475409836065574
0 0.5863958333333333 0.6462412177985948 0.03302083333333333 0.01756440281030445
0 0.5390208333333334 0.646791569086651 0.030104166666666664 0.01756440281030445
0 0.4892083333333333 0.6476112412177986 0.030104166666666664 0.018114754098360657
0 0.43977083333333333 0.6494145199063233 0.027583333333333335 0.017189695550351287
0 0.39008333333333334 0.6501873536299766 0.03358333333333333 0.017189695550351287
0 0.3243958333333333 0.6517564402810305 0.0331875 0.01875878220140515
0 0.323 0.6779391100702576 0.030395833333333334 0.01953161592505855
