0 0.6191458333333333 0.3395784543325527 0.07497916666666667 0.0351288056206089
0 0.7702083333333333 0.34031615925058545 0.08014583333333333 0.042447306791569085
0 0.473375 0.34543325526932084 0.06979166666666667 0.038056206088992975
0 0.323625 0.349824355971897 0.06722916666666667 0.038056206088992975
0 0.7728125 0.44276346604215455 0.06972916666666666 0.042447306791569085
0 0.6282916666666666 0.4449648711943794 0.07758333333333334 0.040983606557377046
0 0.47725 0.44935597189695553 0.0671875 0.038056206088992975
0 0.33531249999999996 0.45300936768149885 0.064625 0.033665105386416865
0 0.943375 0.6469555035128806 0.06189583333333334 0.043911007025761124
0 0.7949166666666667 0.6484192037470726 0.05670833333333333 0.0351288056206089
0 0.6465 0.6542740046838408 0.06716666666666667 0.040983606557377046
0 0.502 0.657927400468384 0.06458333333333334 0.036592505854800936
0 0.348375 0.664519906323185 0.064625 0.038056206088992975
0 0.19343749999999998 0.6703747072599532 0.06727083333333334 0.0351288056206089
1 0.8792083333333333 0.7567330210772834 0.07491666666666667 0.049765807962529274
1 0.7337083333333333 0.7611241217798594 0.09058333333333332 0.049765807962529274
1 0.43039583333333337 0.7699063231850117 0.08804166666666666 0.05269320843091335
1 0.28197916666666667 0.7742974238875878 0.09329166666666668 0.049765807962529274
1 0.8196666666666667 0.8650468384074942 0.0905625 0.049765807962529274
1 0.6673333333333333 0.8694379391100703 0.09841666666666667 0.05562060889929742
0 0.5150208333333334 0.8716276346604216 0.075 0.039519906323185014
0 0.3691875 0.8796838407494145 0.08025 0.040983606557377046
0 0.6048749999999999 0.9808313817330211 0.07237500000000001 0.03833723653395785
