0 0.7806041666666667 0.2693208430913349 0.06454166666666666 0.0351288056206089
0 0.6308958333333333 0.27737704918032785 0.07239583333333334 0.039519906323185014
0 0.4759791666666667 0.2846955503512881 0.059416666666666666 0.033665105386416865
0 0.3249583333333333 0.28908665105386416 0.06464583333333333 0.036592505854800936
0 0.7910208333333333 0.3754449648711944 0.059333333333333335 0.033665105386416865
0 0.6412916666666667 0.3842271662763466 0.06197916666666667 0.033665105386416865
0 0.4902708333333334 0.3900819672131147 0.062000000000000006 0.033665105386416865
0 0.3431666666666667 0.3915456674473068 0.059437500000000004 0.033665105386416865
0 0.9690416666666667 0.5847540983606557 0.06189583333333334 0.036592505854800936
0 0.8209375 0.5884074941451991 0.06714583333333332 0.0351288056206089
0 0.6634166666666667 0.5971896955503513 0.06979166666666667 0.038056206088992975
0 0.5137291666666667 0.6015807962529274 0.062000000000000006 0.0351288056206089
0 0.3652708333333334 0.6059718969555035 0.06204166666666667 0.0351288056206089
0 0.21383333333333335 0.6111007025761124 0.0683125 0.042447306791569085
1 0.9081875 0.6967213114754098 0.09060416666666667 0.05269320843091335
1 0.7506666666666667 0.7011124121779859 0.08802083333333334 0.049765807962529274
1 0.4499375 0.7135597189695551 0.08547916666666668 0.054156908665105384
1 0.3028125 0.7208782201405152 0.088125 0.054156908665105384
1 0.8469791666666667 0.8021077283372365 0.08275 0.049765807962529274
1 0.6881875 0.8116276346604215 0.08804166666666666 0.05122950819672131
0 0.5449583333333333 0.8167447306791569 0.06725 0.040983606557377046
0 0.3939375 0.8248009367681499 0.07247916666666666 0.039519906323185014
0 0.6347708333333333 0.9184777517564403 0.064625 0.039519906323185014
