0 0.4297083333333333 0.33552693208430917 0.035187500000000003 0.01927400468384075
0 0.36612500000000003 0.3384894613583138 0.03291666666666667 0.018629976580796254
0 0.31664583333333335 0.34037470725995317 0.034687499999999996 0.019613583138173303
0 0.26679166666666665 0.3419555035128805 0.0329375 0.017985948477751756
0 0.2154375 0.34320843091334896 0.03104166666666667 0.01752927400468384
0 0.16522916666666668 0.3450117096018735 0.03320833333333333 0.01806791569086651
0 0.09525 0.34851288056206087 0.033791666666666664 0.019039812646370027
0 0.4328958333333333 0.3620608899297424 0.030520833333333334 0.018278688524590164
0 0.10185416666666666 0.3760421545667447 0.03291666666666667 0.019519906323185014
0 0.35239583333333335 0.6064168618266979 0.029104166666666667 0.016908665105386415
0 0.30679166666666663 0.6088992974238876 0.03229166666666667 0.017353629976580798
0 0.25995833333333335 0.6133723653395785 0.03075 0.017353629976580798
