0 0.6830208333333334 0.3583606557377049 0.029229166666666664 0.01673302107728337
0 0.6195 0.35963700234192036 0.03179166666666667 0.016639344262295082
0 0.5716041666666667 0.3609016393442623 0.0299375 0.016440281030444964
0 0.5244791666666667 0.36245901639344263 0.0301875 0.017540983606557377
0 0.47585416666666663 0.36403981264637003 0.030500000000000003 0.01730679156908665
0 0.42793749999999997 0.36509367681498833 0.0319375 0.018571428571428572
0 0.3614583333333333 0.36633489461358315 0.0304375 0.017634660421545666
0 0.6831875000000001 0.3836182669789227 0.029708333333333333 0.018149882903981264
0 0.3640208333333333 0.3933606557377049 0.030395833333333334 0.017131147540983608
0 0.6883333333333332 0.6188056206088993 0.028 0.01646370023419204
0 0.6275625 0.6200585480093677 0.028458333333333332 0.015456674473067915
0 0.5823541666666666 0.6222014051522249 0.0278125 0.016405152224824356
0 0.5365416666666667 0.6236768149882904 0.029666666666666668 0.01633489461358314
0 0.48945833333333333 0.6253864168618267 0.029187499999999998 0.015960187353629977
0 0.44554166666666667 0.6273419203747073 0.028291666666666666 0.016428571428571428
0 0.38325000000000004 0.6294847775175645 0.0295625 0.016159250585480095
0 0.68975 0.6412997658079624 0.029333333333333333 0.01617096018735363
0 0.38425 0.6536416861826698 0.0288125 0.015784543325526933
