0 0.6432083333333334 0.4108548009367681 0.035187500000000003 0.01927400468384075
0 0.5319583333333333 0.4144613583138173 0.034687499999999996 0.019613583138173303
0 0.5802916666666668 0.41456674473067917 0.03291666666666667 0.018629976580796254
0 0.48331250000000003 0.4163231850117096 0.0329375 0.017985948477751756
0 0.43577083333333333 0.41772833723653396 0.036375000000000005 0.017985948477751756
0 0.38604166666666667 0.41906323185011707 0.03754166666666667 0.018629976580796254
0 0.321 0.42087822014051524 0.032979166666666664 0.01927400468384075
0 0.6448333333333333 0.437400468384075 0.03175 0.017985948477751756
0 0.3236041666666667 0.4463466042154567 0.034124999999999996 0.018629976580796254
0 0.6538125 0.6702341920374707 0.03289583333333333 0.01605386416861827
0 0.5922083333333333 0.6721428571428572 0.03177083333333333 0.017341920374707262
0 0.5037291666666667 0.6750585480093677 0.030645833333333334 0.017985948477751756
0 0.5466041666666667 0.6753629976580796 0.03291666666666667 0.018629976580796254
