0 0.88475 0.30005854800936765 0.07502083333333333 0.040983606557377046
0 0.7220208333333333 0.30518735362997657 0.077625 0.039519906323185014
0 0.6113541666666666 0.3125058548009368 0.06987499999999999 0.033665105386416865
0 0.5072291666666666 0.3183606557377049 0.059416666666666666 0.033665105386416865
0 0.364 0.32201405152224827 0.0646875 0.038056206088992975
0 0.28070833333333334 0.3271428571428571 0.059479166666666666 0.033665105386416865
0 0.18514583333333334 0.33153395784543327 0.0526875 0.036592505854800936
0 0.88475 0.4061826697892272 0.07502083333333333 0.039519906323185014
0 0.7675833333333333 0.40911007025761126 0.064625 0.033665105386416865
0 0.6660625 0.4112997658079625 0.06460416666666667 0.038056206088992975
0 0.3587916666666667 0.4164168618266979 0.06470833333333333 0.036592505854800936
0 0.4564583333333333 0.41715456674473067 0.06720833333333333 0.0351288056206089
0 0.5567083333333334 0.41715456674473067 0.06979166666666667 0.032201405152224825
0 0.27106250000000004 0.420807962529274 0.06310416666666667 0.033665105386416865
0 0.18125 0.4244730679156909 0.07610416666666667 0.0351288056206089
0 0.8222708333333333 0.5108313817330211 0.0698125 0.038056206088992975
0 0.65825 0.5122950819672131 0.06458333333333334 0.038056206088992975
0 0.45516666666666666 0.5137587822014051 0.059416666666666666 0.0351288056206089
0 0.3587916666666667 0.514496487119438 0.0646875 0.036592505854800936
0 0.5462916666666667 0.514496487119438 0.06460416666666667 0.036592505854800936
0 0.17995833333333333 0.5152224824355972 0.06310416666666667 0.038056206088992975
0 0.26766666666666666 0.5159601873536299 0.06991666666666667 0.039519906323185014
0 0.25414583333333335 0.6088992974238876 0.05529166666666666 0.0351288056206089
0 0.3483541666666667 0.6118266978922716 0.06470833333333333 0.032201405152224825
0 0.45516666666666666 0.6125644028103044 0.06983333333333334 0.036592505854800936
0 0.5449791666666666 0.6162177985948478 0.05679166666666667 0.0351288056206089
0 0.6543333333333333 0.6191451990632318 0.07241666666666666 0.040983606557377046
0 0.765 0.6213466042154566 0.07497916666666667 0.042447306791569085
1 0.5970624999999999 0.9389695550351288 0.08802083333333334 0.060011709601873534
1 0.767625 0.9565339578454333 0.09579166666666666 0.054156908665105384
