0 0.611375 0.25614754098360654 0.06454166666666666 0.0351288056206089
0 0.4564583333333333 0.25688524590163936 0.07239583333333334 0.039519906323185014
0 0.14791666666666667 0.2627400468384075 0.06464583333333333 0.036592505854800936
0 0.3093333333333333 0.2642037470725995 0.059416666666666666 0.033665105386416865
0 0.46945833333333337 0.3651990632318501 0.06197916666666667 0.033665105386416865
0 0.6191875 0.3651990632318501 0.059333333333333335 0.033665105386416865
0 0.3158333333333333 0.36959016393442623 0.062000000000000006 0.033665105386416865
0 0.15833333333333333 0.3725175644028103 0.059437500000000004 0.033665105386416865
0 0.7741041666666667 0.5701170960187354 0.06189583333333334 0.036592505854800936
0 0.6387083333333333 0.5723067915690867 0.06714583333333332 0.0351288056206089
0 0.4825 0.5766978922716628 0.06197916666666667 0.038056206088992975
0 0.3340625 0.582552693208431 0.062000000000000006 0.0351288056206089
0 0.17783333333333334 0.5884074941451991 0.06204166666666667 0.0351288056206089
0 0.02714583333333333 0.5957259953161592 0.05427083333333334 0.038056206088992975
1 0.7220624999999999 0.6762295081967213 0.0723125 0.05269320843091335
1 0.26766666666666666 0.6923302107728337 0.095875 0.05562060889929742
1 0.11535416666666666 0.699648711943794 0.09331249999999999 0.0585480093676815
1 0.6517291666666666 0.78307962529274 0.08275 0.049765807962529274
0 0.43954166666666666 0.8950585480093677 0.059437500000000004 0.036592505854800936
