0 0.6728333333333333 0.3447775175644028 0.028645833333333332 0.01607728337236534
0 0.6087291666666667 0.34669789227166276 0.03179166666666667 0.016639344262295082
0 0.5592708333333333 0.34820843091334897 0.0299375 0.016440281030444964
0 0.511125 0.3491569086651054 0.0301875 0.017540983606557377
0 0.4639166666666667 0.3501405152224824 0.029333333333333333 0.016323185011709603
0 0.41466666666666663 0.35217798594847777 0.0319375 0.018571428571428572
0 0.348875 0.35339578454332554 0.0304375 0.017634660421545666
0 0.673875 0.3705737704918033 0.029708333333333333 0.018149882903981264
0 0.3519791666666666 0.3799765807962529 0.030395833333333334 0.017131147540983608
0 0.6774375 0.606112412177986 0.028 0.01646370023419204
0 0.6162916666666667 0.6079508196721312 0.028458333333333332 0.015456674473067915
0 0.5714791666666666 0.6105854800936769 0.0278125 0.016405152224824356
0 0.5263541666666667 0.6114519906323185 0.029666666666666668 0.01633489461358314
0 0.48018750000000004 0.614215456674473 0.029187499999999998 0.015960187353629977
0 0.43383333333333335 0.6149414519906323 0.028291666666666666 0.016428571428571428
0 0.371125 0.6182552693208431 0.0295625 0.016159250585480095
0 0.6774583333333334 0.6289461358313817 0.029333333333333333 0.01617096018735363
0 0.3723125 0.6414871194379391 0.0288125 0.015784543325526933
