0 0.8938541666666667 0.34104215456674475 0.06191666666666666 0.0351288056206089
0 0.7519375 0.3417798594847775 0.059354166666666666 0.030737704918032786
0 0.4538125 0.3461709601873536 0.0568125 0.033665105386416865
0 0.60225 0.3490983606557377 0.06197916666666667 0.033665105386416865
0 0.8990625 0.4435011709601874 0.05670833333333333 0.0351288056206089
0 0.7636875 0.44570257611241215 0.056749999999999995 0.033665105386416865
0 0.6087291666666667 0.44935597189695553 0.059375 0.02927400468384075
0 0.46549999999999997 0.4537470725995316 0.05420833333333333 0.02927400468384075
0 0.9225 0.6542740046838408 0.05670833333333333 0.0351288056206089
0 0.7779791666666667 0.6586651053864169 0.059354166666666666 0.0351288056206089
0 0.630875 0.663056206088993 0.05677083333333333 0.0351288056206089
0 0.4785625 0.6696487119437939 0.05420833333333333 0.033665105386416865
0 0.3262291666666667 0.6762295081967213 0.06727083333333334 0.0351288056206089
1 0.9768541666666667 0.7581967213114754 0.04627083333333334 0.0468384074941452
1 0.8521875 0.7647892271662763 0.08277083333333332 0.048302107728337235
1 0.5644791666666666 0.7735714285714286 0.08022916666666666 0.05122950819672131
1 0.4095625 0.78307962529274 0.08808333333333333 0.05269320843091335
1 0.9394166666666667 0.8679742388758782 0.0749375 0.049765807962529274
1 0.7975208333333333 0.8782201405152225 0.08279166666666667 0.05269320843091335
0 0.6478125 0.8826112412177985 0.06458333333333334 0.0351288056206089
0 0.49937499999999996 0.8928571428571429 0.06983333333333334 0.038056206088992975
0 0.7024791666666667 0.9843325526932084 0.059375 0.02781030444964871
