0 0.8274583333333333 0.2576112412177986 0.06454166666666666 0.0351288056206089
0 0.6751458333333333 0.26566744730679154 0.07239583333333334 0.039519906323185014
0 0.5150416666666666 0.2715222482435597 0.059416666666666666 0.033665105386416865
0 0.3588125 0.27444964871194377 0.06464583333333333 0.036592505854800936
0 0.837875 0.3651990632318501 0.059333333333333335 0.033665105386416865
0 0.6881458333333333 0.37105386416861824 0.06197916666666667 0.033665105386416865
0 0.5293333333333333 0.3798360655737705 0.062000000000000006 0.033665105386416865
0 0.3770208333333333 0.3871545667447307 0.059437500000000004 0.033665105386416865
0 0.8625833333333334 0.582552693208431 0.06714583333333332 0.0351288056206089
0 0.7102708333333333 0.586943793911007 0.06979166666666667 0.038056206088992975
0 0.5605833333333333 0.5927985948477752 0.062000000000000006 0.0351288056206089
0 0.4017291666666667 0.5971896955503513 0.06204166666666667 0.0351288056206089
0 0.2528958333333333 0.6067096018735363 0.0683125 0.042447306791569085
1 0.9498333333333334 0.6864754098360656 0.09060416666666667 0.05269320843091335
1 0.7949166666666667 0.6937939110070258 0.08802083333333334 0.049765807962529274
1 0.489 0.7047775175644028 0.08547916666666668 0.054156908665105384
1 0.3392708333333333 0.7077049180327869 0.088125 0.054156908665105384
1 0.888625 0.7962529274004684 0.08275 0.049765807962529274
1 0.7350416666666667 0.8043091334894613 0.08804166666666666 0.05122950819672131
0 0.5866041666666667 0.8094262295081968 0.06725 0.040983606557377046
0 0.433 0.8116276346604215 0.07247916666666666 0.039519906323185014
0 0.6712291666666667 0.9140866510538642 0.064625 0.039519906323185014
