0 0.921125 0.37177985948477754 0.07512500000000001 0.040983606557377046
0 0.7865416666666667 0.37763466042154564 0.07352083333333333 0.040983606557377046
0 0.5405416666666666 0.3856791569086651 0.06570833333333333 0.039519906323185014
0 0.42127083333333337 0.38934426229508196 0.07514583333333333 0.040983606557377046
0 0.3028125 0.39227166276346603 0.07772916666666667 0.038056206088992975
0 0.8034791666666667 0.5518149882903981 0.07089583333333334 0.040983606557377046
0 0.6686041666666667 0.5525526932084309 0.06991666666666667 0.042447306791569085
0 0.5444375 0.5562060889929742 0.07352083333333333 0.040983606557377046
1 0.49024999999999996 0.7340515222482435 0.10377083333333334 0.060011709601873534
1 0.3080208333333333 0.7369789227166277 0.09856250000000001 0.060011709601873534
1 0.876875 0.7369789227166277 0.10116666666666667 0.054156908665105384
1 0.5952083333333333 0.9192037470725996 0.0969375 0.0585480093676815
1 0.7930625 0.9235948477751756 0.09695833333333333 0.06440281030444965
