0 0.4373333333333333 0.33717798594847775 0.035187500000000003 0.01927400468384075
0 0.37433333333333335 0.34046838407494145 0.03291666666666667 0.018629976580796254
0 0.3236875 0.34169789227166275 0.034687499999999996 0.019613583138173303
0 0.27558333333333335 0.34261124121779857 0.0329375 0.017985948477751756
0 0.22364583333333332 0.34453161592505854 0.03104166666666667 0.01752927400468384
0 0.17293750000000002 0.3464519906323185 0.03320833333333333 0.01806791569086651
0 0.10170833333333333 0.34785714285714286 0.033791666666666664 0.019039812646370027
0 0.44110416666666663 0.36436768149882903 0.030520833333333334 0.018278688524590164
0 0.10772916666666667 0.3763700234192038 0.03291666666666667 0.019519906323185014
0 0.30679166666666663 0.6088992974238876 0.03229166666666667 0.017353629976580798
0 0.25995833333333335 0.6133723653395785 0.03075 0.017353629976580798
