0 0.9055833333333333 0.17125292740046838 0.07502083333333333 0.040983606557377046
0 0.74025 0.1851639344262295 0.077625 0.039519906323185014
0 0.6269791666666666 0.18809133489461358 0.06987499999999999 0.033665105386416865
0 0.5254583333333334 0.19394613583138173 0.059416666666666666 0.033665105386416865
0 0.3900416666666667 0.2063817330210773 0.0646875 0.038056206088992975
0 0.29633333333333334 0.2085831381733021 0.059479166666666666 0.033665105386416865
0 0.20727083333333332 0.2159016393442623 0.0605 0.036592505854800936
0 0.9029791666666667 0.27444964871194377 0.07502083333333333 0.039519906323185014
0 0.7884166666666667 0.2788407494145199 0.064625 0.033665105386416865
0 0.6712708333333333 0.28688524590163933 0.06460416666666667 0.038056206088992975
0 0.5697291666666667 0.2898126463700234 0.06979166666666667 0.032201405152224825
0 0.47729166666666667 0.29420374707259955 0.06720833333333333 0.0351288056206089
0 0.38356250000000003 0.30005854800936765 0.0568125 0.0351288056206089
0 0.29189583333333335 0.30371194379391103 0.06310416666666667 0.033665105386416865
0 0.20910416666666667 0.30811475409836064 0.06208333333333334 0.030737704918032786
0 0.8378958333333333 0.3820257611241218 0.0698125 0.038056206088992975
0 0.6816875 0.3864168618266979 0.06458333333333334 0.038056206088992975
0 0.5827291666666666 0.3900819672131147 0.06460416666666667 0.036592505854800936
0 0.2924166666666667 0.39447306791569087 0.05164583333333333 0.033665105386416865
0 0.38356250000000003 0.3951990632318501 0.0568125 0.032201405152224825
0 0.47854166666666664 0.3959367681498829 0.0646875 0.036592505854800936
0 0.2051875 0.39886416861826696 0.059479166666666666 0.033665105386416865
0 0.47860416666666666 0.4852224824355972 0.06983333333333334 0.036592505854800936
0 0.7884375 0.4852224824355972 0.06977083333333334 0.036592505854800936
0 0.6777708333333333 0.4859484777517564 0.07241666666666666 0.040983606557377046
0 0.29502083333333334 0.48668618266978925 0.056854166666666664 0.036592505854800936
0 0.3848125 0.4874121779859485 0.06470833333333333 0.032201405152224825
0 0.5736249999999999 0.4874121779859485 0.05679166666666667 0.0351288056206089
1 0.2924166666666667 0.7677166276346604 0.08289583333333334 0.054156908665105384
1 0.4252083333333333 0.7764988290398126 0.07764583333333334 0.05122950819672131
1 0.5228541666666666 0.7823536299765808 0.07502083333333333 0.04537470725995316
1 0.6257083333333333 0.7845433255269321 0.07758333333333334 0.049765807962529274
1 0.7845416666666666 0.7955269320843091 0.09316666666666666 0.05708430913348946
1 0.2859166666666667 0.8570023419203747 0.08029166666666666 0.048302107728337235
1 0.4252083333333333 0.8694379391100703 0.06722916666666667 0.0468384074941452
1 0.5267708333333333 0.8798360655737705 0.07241666666666666 0.052974238875878224
1 0.6764791666666666 0.889344262295082 0.07497916666666667 0.04859484777517564
1 0.7858541666666666 0.8988524590163934 0.0905625 0.05884074941451991
0 0.5228541666666666 0.9821428571428571 0.059395833333333335 0.032201405152224825
