0 0.4681666666666667 0.12515222482435598 0.059416666666666666 0.033665105386416865
0 0.3301458333333333 0.1361241217798595 0.0646875 0.038056206088992975
0 0.2338333333333333 0.14271662763466042 0.059479166666666666 0.033665105386416865
0 0.13956249999999998 0.14857142857142858 0.0605 0.036592505854800936
0 0.8508958333333333 0.20272833723653394 0.07502083333333333 0.039519906323185014
0 0.7363333333333333 0.20711943793911006 0.064625 0.033665105386416865
0 0.627 0.2151639344262295 0.06460416666666667 0.038056206088992975
0 0.5254583333333334 0.22394613583138173 0.06979166666666667 0.032201405152224825
0 0.4278125 0.22833723653395785 0.06720833333333333 0.0351288056206089
0 0.32887500000000003 0.234192037470726 0.0568125 0.0351288056206089
0 0.2398125 0.23784543325526933 0.06310416666666667 0.033665105386416865
0 0.14920833333333333 0.24224824355971897 0.06208333333333334 0.030737704918032786
0 0.7962291666666667 0.31323185011709603 0.0698125 0.038056206088992975
0 0.6296041666666666 0.32201405152224827 0.06458333333333334 0.038056206088992975
0 0.5254375 0.32421545667447305 0.06460416666666667 0.036592505854800936
0 0.42906249999999996 0.3300702576112412 0.0646875 0.036592505854800936
0 0.33408333333333334 0.3322599531615925 0.0568125 0.032201405152224825
0 0.235125 0.33446135831381735 0.05164583333333333 0.033665105386416865
0 0.1478958333333333 0.3373887587822014 0.059479166666666666 0.033665105386416865
0 0.7389583333333333 0.42521077283372366 0.06977083333333334 0.036592505854800936
0 0.4265208333333333 0.42667447306791567 0.06983333333333334 0.036592505854800936
0 0.5241458333333333 0.4274004683840749 0.05679166666666667 0.0351288056206089
0 0.6308958333333333 0.428864168618267 0.07241666666666666 0.040983606557377046
0 0.32752083333333337 0.430327868852459 0.06470833333333333 0.032201405152224825
0 0.24033333333333334 0.43252927400468383 0.056854166666666664 0.036592505854800936
1 0.24033333333333334 0.715023419203747 0.08289583333333334 0.054156908665105384
1 0.37572916666666667 0.7194145199063232 0.07764583333333334 0.05122950819672131
1 0.4811875 0.7223419203747072 0.07502083333333333 0.04537470725995316
1 0.5840416666666666 0.7303864168618267 0.07758333333333334 0.049765807962529274
1 0.742875 0.7355152224824356 0.09316666666666666 0.05708430913348946
1 0.23904166666666665 0.8043091334894613 0.08029166666666666 0.048302107728337235
1 0.3783333333333333 0.8152810304449649 0.06722916666666667 0.0468384074941452
1 0.4798958333333333 0.821288056206089 0.07241666666666666 0.052974238875878224
1 0.627 0.8315339578454333 0.07497916666666667 0.05298594847775176
1 0.736375 0.8388407494145199 0.0905625 0.05884074941451991
0 0.47729166666666667 0.9184777517564403 0.051583333333333335 0.033665105386416865
0 0.8508958333333333 0.09660421545667447 0.07502083333333333 0.040983606557377046
0 0.6842708333333333 0.10905152224824355 0.06460416666666667 0.036592505854800936
0 0.5775 0.1149063231850117 0.06987499999999999 0.033665105386416865
