0 0.869125 0.3256791569086651 0.08014583333333333 0.042447306791569085
0 0.7102708333333333 0.32786885245901637 0.07497916666666667 0.0351288056206089
0 0.5514791666666666 0.3322599531615925 0.06979166666666667 0.038056206088992975
0 0.3965208333333334 0.3351873536299766 0.06722916666666667 0.038056206088992975
0 0.869125 0.4354449648711944 0.06972916666666666 0.042447306791569085
0 0.7194166666666667 0.43911007025761123 0.07758333333333334 0.040983606557377046
0 0.5605625 0.4405737704918033 0.0671875 0.038056206088992975
0 0.40820833333333334 0.4442271662763466 0.064625 0.033665105386416865
0 0.8964583333333334 0.6513466042154566 0.05670833333333333 0.0351288056206089
0 0.7428333333333333 0.6586651053864169 0.06716666666666667 0.040983606557377046
0 0.5853125 0.6608548009367682 0.06458333333333334 0.036592505854800936
0 0.4264791666666667 0.6659836065573771 0.064625 0.038056206088992975
0 0.2637291666666667 0.6718384074941453 0.06727083333333334 0.0351288056206089
1 0.9690416666666667 0.7647775175644028 0.06189583333333334 0.060011709601873534
1 0.82875 0.7706440281030444 0.09839583333333332 0.054156908665105384
1 0.5137083333333333 0.7764988290398126 0.08804166666666666 0.05708430913348946
1 0.3509791666666667 0.78307962529274 0.09589583333333333 0.06440281030444965
1 0.9212083333333333 0.8826112412177985 0.10097916666666666 0.0585480093676815
1 0.7610625 0.887728337236534 0.09841666666666667 0.06586651053864169
0 0.6009375 0.889192037470726 0.075 0.039519906323185014
0 0.44729166666666664 0.8943208430913349 0.08025 0.040983606557377046
