0 0.9692500000000001 0.34104215456674475 0.0615 0.038056206088992975
0 0.86125 0.3468969555035129 0.07512500000000001 0.040983606557377046
0 0.7501458333333333 0.349824355971897 0.07352083333333333 0.040983606557377046
0 0.5197083333333333 0.3556791569086651 0.06570833333333333 0.038056206088992975
0 0.4030416666666667 0.36007025761124123 0.07514583333333333 0.040983606557377046
0 0.2923958333333333 0.3629976580796253 0.07772916666666667 0.038056206088992975
0 0.7644583333333334 0.5122950819672131 0.07089583333333334 0.040983606557377046
0 0.6426041666666666 0.5130327868852459 0.06991666666666667 0.042447306791569085
0 0.5288125 0.5166861826697893 0.07352083333333333 0.040983606557377046
1 0.9757708333333334 0.672576112412178 0.04847916666666666 0.060011709601873534
1 0.8326458333333334 0.6747658079625293 0.10116666666666667 0.06147540983606557
1 0.47983333333333333 0.6828220140515222 0.10377083333333334 0.060011709601873534
1 0.3080208333333333 0.6872131147540984 0.09856250000000001 0.060011709601873534
1 0.5743958333333333 0.8504098360655737 0.0969375 0.0585480093676815
1 0.756625 0.8504098360655737 0.09695833333333333 0.06440281030444965
