0 0.6829791666666666 0.3351873536299766 0.06191666666666666 0.0351288056206089
0 0.26375 0.3373887587822014 0.0568125 0.033665105386416865
0 0.4095833333333333 0.3373887587822014 0.06197916666666667 0.033665105386416865
0 0.548875 0.3373887587822014 0.059354166666666666 0.030737704918032786
0 0.6829791666666666 0.43471896955503514 0.05670833333333333 0.0351288056206089
0 0.5553958333333333 0.43692037470726 0.056749999999999995 0.033665105386416865
0 0.4160833333333333 0.4376463700234192 0.059375 0.02927400468384075
0 0.26766666666666666 0.4405737704918033 0.05420833333333333 0.02927400468384075
0 0.8301041666666666 0.6264637002341921 0.059270833333333335 0.0351288056206089
0 0.6986041666666666 0.6293911007025761 0.05670833333333333 0.0351288056206089
0 0.5645 0.6352459016393442 0.059354166666666666 0.0351288056206089
0 0.4252083333333333 0.6411007025761124 0.05677083333333333 0.0351288056206089
0 0.28329166666666666 0.6447658079625292 0.05420833333333333 0.033665105386416865
0 0.12835416666666666 0.6528103044496487 0.06727083333333334 0.0351288056206089
1 0.7715 0.7289227166276346 0.07752083333333333 0.0468384074941452
1 0.6387083333333333 0.7340515222482435 0.08277083333333332 0.048302107728337235
1 0.364 0.7486885245901639 0.08022916666666666 0.05122950819672131
1 0.20908333333333334 0.7567330210772834 0.08808333333333333 0.05269320843091335
1 0.7155208333333333 0.8299180327868853 0.0749375 0.049765807962529274
1 0.5762291666666666 0.8401639344262295 0.08279166666666667 0.05269320843091335
0 0.4447291666666667 0.8474824355971897 0.06458333333333334 0.0351288056206089
0 0.2963125 0.857728337236534 0.06983333333333334 0.038056206088992975
0 0.5228541666666666 0.9433489461358314 0.059375 0.02781030444964871
