0 0.619625 0.43050351288056204 0.0319375 0.019039812646370027
0 0.5596041666666667 0.4326814988290398 0.0328125 0.017576112412177984
0 0.5128125 0.43444964871194375 0.0345625 0.019039812646370027
0 0.46637500000000004 0.43450819672131147 0.03197916666666666 0.018548009367681497
0 0.42247916666666663 0.4349063231850117 0.03197916666666666 0.018548009367681497
0 0.37522916666666667 0.4371545667447307 0.03372916666666667 0.019039812646370027
0 0.31354166666666666 0.4384309133489461 0.03183333333333333 0.017423887587822016
0 0.6192916666666667 0.4549648711943794 0.0301875 0.018548009367681497
0 0.6243541666666667 0.6781615925058547 0.03195833333333333 0.017576112412177984
0 0.5675208333333334 0.6803629976580796 0.031104166666666665 0.018056206088992974
0 0.5241875 0.6828103044496487 0.03177083333333333 0.019004683840749416
0 0.48004166666666664 0.684847775175644 0.03179166666666667 0.01795081967213115
0 0.43545833333333334 0.6862529274004683 0.03197916666666666 0.018548009367681497
0 0.38964583333333336 0.6886768149882904 0.03372916666666667 0.018548009367681497
0 0.3289375 0.6902459016393443 0.030875 0.01689695550351288
0 0.6266458333333333 0.7013934426229508 0.029333333333333333 0.01708430913348946
0 0.33197916666666666 0.7144847775175643 0.03277083333333333 0.01689695550351288
