0 0.29362499999999997 0.2788407494145199 0.13704166666666667 0.07757611241217799
0 0.9251458333333333 0.2905503512880562 0.12958333333333333 0.07757611241217799
0 0.6229375 0.29201405152224824 0.15004166666666666 0.07757611241217799
0 0.9340833333333334 0.45521077283372363 0.13183333333333333 0.07611241217798595
0 0.6268541666666666 0.46252927400468385 0.13704166666666667 0.07903981264637003
0 0.30533333333333335 0.4676580796252927 0.16047916666666667 0.08050351288056207
0 0.9353750000000001 0.6132903981264637 0.12922916666666667 0.0702576112412178
0 0.646375 0.6264637002341921 0.139625 0.07903981264637003
0 0.32618749999999996 0.6425644028103045 0.13964583333333333 0.07903981264637003
1 0.7973958333333333 0.78307962529274 0.14485416666666667 0.07903981264637003
