0 0.6155 0.4335831381733021 0.028645833333333332 0.01607728337236534
0 0.5558333333333334 0.43540983606557376 0.030166666666666668 0.01572599531615925
0 0.5077708333333333 0.4368384074941452 0.0299375 0.016440281030444964
0 0.46468750000000003 0.4379391100702576 0.02802083333333333 0.016323185011709603
0 0.4185416666666667 0.439192037470726 0.029333333333333333 0.016323185011709603
0 0.37233333333333335 0.4411007025761124 0.029770833333333333 0.016440281030444964
0 0.30835416666666665 0.44169789227166273 0.029854166666666668 0.016311475409836067
0 0.6175625 0.4568969555035129 0.02754166666666667 0.016323185011709603
0 0.31012500000000004 0.4673536299765808 0.029229166666666664 0.01680327868852459
0 0.6279166666666666 0.6824941451990633 0.028 0.01646370023419204
0 0.5699375 0.6863817330210772 0.028458333333333332 0.015456674473067915
0 0.5249166666666667 0.6871545667447307 0.0278125 0.016405152224824356
0 0.4810625 0.689648711943794 0.0285 0.015351288056206088
0 0.43674999999999997 0.6921545667447307 0.029187499999999998 0.015960187353629977
0 0.39177083333333335 0.6945433255269321 0.028291666666666666 0.016428571428571428
0 0.3301458333333333 0.6967096018735363 0.0295625 0.016159250585480095
0 0.6297083333333333 0.7054215456674473 0.029333333333333333 0.01708430913348946
0 0.33275 0.7207025761124122 0.0288125 0.015784543325526933
