0 0.6281874999999999 0.4421428571428571 0.0319375 0.019039812646370027
0 0.568875 0.44391100702576114 0.0328125 0.017576112412177984
0 0.5242291666666666 0.44528103044496486 0.0345625 0.019039812646370027
0 0.47850000000000004 0.44573770491803283 0.03197916666666666 0.018548009367681497
0 0.43175 0.446943793911007 0.03197916666666666 0.018548009367681497
0 0.3859375 0.448384074941452 0.03372916666666667 0.019039812646370027
0 0.3249583333333333 0.44926229508196724 0.03183333333333333 0.017423887587822016
0 0.6285624999999999 0.4661943793911007 0.0301875 0.018548009367681497
0 0.6372083333333334 0.6881967213114755 0.03195833333333333 0.017576112412177984
0 0.5789375 0.6911943793911006 0.031104166666666665 0.018056206088992974
0 0.53275 0.6924355971896956 0.03177083333333333 0.019004683840749416
0 0.49075 0.6948829039812646 0.03179166666666667 0.01795081967213115
0 0.4447291666666667 0.6978922716627635 0.03197916666666666 0.018548009367681497
0 0.39964583333333337 0.697903981264637 0.03372916666666667 0.018548009367681497
0 0.3439166666666667 0.7022833723653396 0.030875 0.01689695550351288
0 0.6373541666666667 0.7114285714285714 0.029333333333333333 0.01708430913348946
0 0.3426666666666666 0.7245081967213115 0.03277083333333333 0.01689695550351288
