0 0.404375 0.3139695550351288 0.0568125 0.033665105386416865
0 0.5423958333333334 0.3139695550351288 0.06197916666666667 0.033665105386416865
0 0.6764791666666666 0.3168969555035129 0.059354166666666666 0.030737704918032786
0 0.8157916666666666 0.3176229508196721 0.06191666666666666 0.0351288056206089
0 0.4030833333333333 0.4127634660421546 0.05420833333333333 0.02927400468384075
0 0.6803958333333333 0.41496487119437936 0.056749999999999995 0.033665105386416865
0 0.5410833333333334 0.41569086651053866 0.059375 0.02927400468384075
0 0.8157916666666666 0.41569086651053866 0.05670833333333333 0.0351288056206089
0 0.5423958333333334 0.6103629976580797 0.05677083333333333 0.0351288056206089
0 0.6790833333333333 0.6103629976580797 0.059354166666666666 0.0351288056206089
0 0.8157916666666666 0.6103629976580797 0.05670833333333333 0.0351288056206089
0 0.9498958333333333 0.6103629976580797 0.059270833333333335 0.0351288056206089
0 0.40047916666666666 0.6140281030444965 0.05420833333333333 0.033665105386416865
0 0.25335416666666666 0.6162177985948478 0.06727083333333334 0.0351288056206089
1 0.880875 0.7069672131147541 0.07752083333333333 0.0468384074941452
1 0.7480833333333333 0.7106323185011709 0.08277083333333332 0.048302107728337235
1 0.4707708333333333 0.715023419203747 0.08022916666666666 0.05122950819672131
1 0.32887500000000003 0.7172131147540983 0.08808333333333333 0.05269320843091335
1 0.8170833333333333 0.8079625292740047 0.0749375 0.049765807962529274
0 0.5462916666666667 0.8108899297423887 0.06458333333333334 0.0351288056206089
1 0.6803958333333333 0.8108899297423887 0.08279166666666667 0.05269320843091335
0 0.40047916666666666 0.8167447306791569 0.06983333333333334 0.038056206088992975
0 0.6140000000000001 0.9111475409836065 0.059375 0.02781030444964871
