0 0.6289166666666667 0.3851053864168618 0.028645833333333332 0.01607728337236534
0 0.5637708333333333 0.3863466042154567 0.030166666666666668 0.01572599531615925
0 0.5154583333333334 0.3888407494145199 0.0299375 0.016440281030444964
0 0.46725 0.3895433255269321 0.02802083333333333 0.016323185011709603
0 0.41954166666666665 0.39128805620608903 0.029333333333333333 0.016323185011709603
0 0.36974999999999997 0.39278688524590166 0.029770833333333333 0.016440281030444964
0 0.30291666666666667 0.39476580796252925 0.029854166666666668 0.016311475409836067
0 0.6297708333333334 0.4110655737704918 0.02754166666666667 0.016323185011709603
0 0.305625 0.4212177985948478 0.029229166666666664 0.01680327868852459
0 0.6403125000000001 0.6461592505854802 0.028 0.01646370023419204
0 0.5794374999999999 0.6494730679156908 0.028458333333333332 0.015456674473067915
0 0.5336458333333333 0.6515222482435596 0.0278125 0.016405152224824356
0 0.4856666666666667 0.6536416861826698 0.0285 0.015351288056206088
0 0.44156249999999997 0.6563348946135831 0.029187499999999998 0.015960187353629977
0 0.39481249999999996 0.6577634660421546 0.028291666666666666 0.016428571428571428
0 0.3310208333333333 0.6616276346604215 0.0295625 0.016159250585480095
0 0.6416458333333334 0.6695784543325527 0.029333333333333333 0.01708430913348946
0 0.3339166666666667 0.6851990632318501 0.0288125 0.015784543325526933
