0 0.7025 0.273711943793911 0.06454166666666666 0.0351288056206089
0 0.5501874999999999 0.27737704918032785 0.07239583333333334 0.039519906323185014
0 0.397875 0.283231850117096 0.059416666666666666 0.033665105386416865
0 0.2416458333333333 0.28762295081967215 0.06464583333333333 0.036592505854800936
0 0.7077083333333333 0.38129976580796254 0.059333333333333335 0.033665105386416865
0 0.5579791666666666 0.38569086651053863 0.06197916666666667 0.033665105386416865
0 0.4043541666666667 0.3900819672131147 0.062000000000000006 0.033665105386416865
0 0.2494583333333333 0.3930093676814988 0.059437500000000004 0.033665105386416865
0 0.8756458333333333 0.5862177985948478 0.06189583333333334 0.036592505854800936
0 0.7272291666666667 0.5913348946135831 0.06714583333333332 0.0351288056206089
0 0.580125 0.5986533957845434 0.06979166666666667 0.038056206088992975
0 0.4278125 0.6045081967213115 0.062000000000000006 0.0351288056206089
0 0.27416666666666667 0.6088992974238876 0.06204166666666667 0.0351288056206089
0 0.11229166666666666 0.6154918032786885 0.0683125 0.042447306791569085
1 0.811875 0.699648711943794 0.09060416666666667 0.05269320843091335
1 0.6621666666666666 0.7011124121779859 0.08802083333333334 0.049765807962529274
1 0.3588125 0.7135597189695551 0.08547916666666668 0.054156908665105384
1 0.20389583333333333 0.7223419203747072 0.088125 0.054156908665105384
1 0.7454583333333333 0.8050351288056206 0.08275 0.049765807962529274
1 0.5944583333333333 0.8101639344262295 0.08804166666666666 0.05122950819672131
0 0.45125 0.8182084309133489 0.06725 0.040983606557377046
0 0.2924166666666667 0.8218735362997658 0.07247916666666666 0.039519906323185014
0 0.5410625 0.9228688524590164 0.064625 0.039519906323185014
