0 0.4173958333333333 0.3139695550351288 0.0568125 0.033665105386416865
0 0.560625 0.3139695550351288 0.06197916666666667 0.033665105386416865
0 0.6999166666666666 0.3168969555035129 0.059354166666666666 0.030737704918032786
0 0.8340208333333333 0.3176229508196721 0.06191666666666666 0.0351288056206089
0 0.41610416666666666 0.4112997658079625 0.05420833333333333 0.02927400468384075
0 0.5567083333333334 0.41569086651053866 0.059375 0.02927400468384075
0 0.8314166666666666 0.41569086651053866 0.05670833333333333 0.0351288056206089
0 0.6960208333333333 0.4164285714285714 0.056749999999999995 0.033665105386416865
0 0.6895 0.6103629976580797 0.059354166666666666 0.0351288056206089
0 0.8314166666666666 0.6118266978922716 0.05670833333333333 0.0351288056206089
0 0.41610416666666666 0.6125644028103044 0.05420833333333333 0.033665105386416865
0 0.9603125 0.6132903981264637 0.059270833333333335 0.0351288056206089
0 0.5554166666666667 0.6147540983606558 0.05677083333333333 0.0351288056206089
0 0.266375 0.6176814988290398 0.06727083333333334 0.0351288056206089
1 0.8938958333333333 0.7069672131147541 0.07752083333333333 0.0468384074941452
1 0.7585 0.712096018735363 0.08277083333333332 0.048302107728337235
1 0.4863958333333333 0.715023419203747 0.08022916666666666 0.05122950819672131
1 0.34189583333333334 0.7172131147540983 0.08808333333333333 0.05269320843091335
1 0.8275 0.8094262295081968 0.0749375 0.049765807962529274
0 0.5567083333333334 0.8138173302107728 0.06458333333333334 0.0351288056206089
1 0.6908124999999999 0.8138173302107728 0.08279166666666667 0.05269320843091335
0 0.4135 0.8167447306791569 0.06983333333333334 0.038056206088992975
0 0.6270208333333334 0.9111475409836065 0.059375 0.02781030444964871
