0 0.72075 0.32933255269320844 0.06454166666666666 0.0351288056206089
0 0.5736249999999999 0.33446135831381735 0.07239583333333334 0.033665105386416865
0 0.429125 0.34031615925058545 0.059416666666666666 0.033665105386416865
0 0.2833125 0.3447072599531616 0.06464583333333333 0.036592505854800936
0 0.5840416666666666 0.4339929742388759 0.06197916666666667 0.033665105386416865
0 0.7233541666666666 0.4339929742388759 0.059333333333333335 0.033665105386416865
0 0.43822916666666667 0.439847775175644 0.062000000000000006 0.033665105386416865
0 0.291125 0.44862997658079623 0.05422916666666667 0.033665105386416865
0 0.8938958333333333 0.6286651053864168 0.06189583333333334 0.036592505854800936
0 0.7532916666666666 0.6352459016393442 0.06714583333333332 0.0351288056206089
0 0.6035833333333334 0.6396370023419203 0.059375 0.038056206088992975
0 0.46166666666666667 0.6454918032786885 0.062000000000000006 0.0351288056206089
0 0.31845833333333334 0.6542740046838408 0.06204166666666667 0.0351288056206089
0 0.166125 0.6601288056206089 0.06989583333333332 0.038056206088992975
1 0.8314166666666666 0.7369789227166277 0.08272916666666667 0.048302107728337235
1 0.6869166666666667 0.742096018735363 0.08537499999999999 0.05269320843091335
1 0.397875 0.7538056206088993 0.08545833333333334 0.049765807962529274
1 0.2494583333333333 0.7611241217798594 0.08549999999999999 0.05562060889929742
1 0.774125 0.8409016393442623 0.08275 0.048302107728337235
1 0.6257083333333333 0.8467564402810305 0.08279166666666667 0.05122950819672131
0 0.4837916666666667 0.8562646370023419 0.06460416666666667 0.038056206088992975
0 0.33668750000000003 0.8628571428571429 0.06725 0.036592505854800936
0 0.5671250000000001 0.9565339578454333 0.05416666666666667 0.030737704918032786
