0 0.5853333333333333 0.2546838407494145 0.06454166666666666 0.0351288056206089
0 0.43041666666666667 0.25688524590163936 0.07239583333333334 0.039519906323185014
0 0.27547916666666666 0.25981264637002344 0.059416666666666666 0.033665105386416865
0 0.121875 0.26127634660421545 0.06464583333333333 0.036592505854800936
0 0.5853333333333333 0.359344262295082 0.059333333333333335 0.033665105386416865
0 0.43820833333333337 0.3651990632318501 0.06197916666666667 0.033665105386416865
0 0.28197916666666667 0.36959016393442623 0.062000000000000006 0.033665105386416865
0 0.1296875 0.37105386416861824 0.059437500000000004 0.033665105386416865
0 0.7532708333333333 0.5657259953161592 0.06189583333333334 0.036592505854800936
0 0.6048541666666666 0.5708430913348946 0.06714583333333332 0.0351288056206089
0 0.45385416666666667 0.5737704918032787 0.06197916666666667 0.038056206088992975
0 0.30541666666666667 0.5810889929742389 0.062000000000000006 0.0351288056206089
0 0.157 0.586943793911007 0.06204166666666667 0.0351288056206089
0 0.01933333333333333 0.5957259953161592 0.03864583333333334 0.038056206088992975
1 0.23902083333333335 0.6923302107728337 0.095875 0.05562060889929742
1 0.08410416666666666 0.7011124121779859 0.09331249999999999 0.0585480093676815
1 0.6282916666666666 0.780152224824356 0.08275 0.049765807962529274
0 0.41610416666666666 0.8965222482435597 0.059437500000000004 0.036592505854800936
