0 0.9744583333333333 0.33885245901639344 0.051083333333333335 0.033665105386416865
0 0.8690625 0.34250585480093676 0.07512500000000001 0.040983606557377046
0 0.7553541666666667 0.3439695550351288 0.07352083333333333 0.040983606557377046
0 0.5223125000000001 0.349824355971897 0.06570833333333333 0.038056206088992975
0 0.4160625 0.351288056206089 0.07514583333333333 0.040983606557377046
0 0.30541666666666667 0.3556791569086651 0.07772916666666667 0.038056206088992975
0 0.7644583333333334 0.5005854800936768 0.07089583333333334 0.040983606557377046
0 0.6478125 0.5042505854800937 0.06991666666666667 0.042447306791569085
0 0.5340208333333333 0.5064402810304449 0.07352083333333333 0.040983606557377046
1 0.9757708333333334 0.6608665105386416 0.04845833333333334 0.060011709601873534
1 0.83525 0.6659836065573771 0.10116666666666667 0.06147540983606557
1 0.32104166666666667 0.6681850117096019 0.09856250000000001 0.060011709601873534
1 0.48764583333333333 0.6681850117096019 0.10377083333333334 0.060011709601873534
1 0.5874166666666666 0.8313817330210773 0.0969375 0.0585480093676815
1 0.7670416666666667 0.8357728337236534 0.09695833333333333 0.06440281030444965
