0 0.254625 0.13026932084309134 0.0646875 0.038056206088992975
0 0.1713333333333333 0.13247072599531615 0.059479166666666666 0.033665105386416865
0 0.07445833333333333 0.13978922716627634 0.0605 0.036592505854800936
0 0.775375 0.19833723653395785 0.07502083333333333 0.039519906323185014
0 0.6582083333333333 0.20419203747072598 0.064625 0.033665105386416865
0 0.5540833333333333 0.21223653395784545 0.06460416666666667 0.038056206088992975
0 0.4551458333333333 0.2151639344262295 0.06979166666666667 0.032201405152224825
0 0.35229166666666667 0.22101873536299765 0.06720833333333333 0.0351288056206089
0 0.2585625 0.22540983606557377 0.0568125 0.0351288056206089
0 0.16429166666666667 0.23199063231850117 0.06310416666666667 0.033665105386416865
0 0.08149999999999999 0.2320023419203747 0.06208333333333334 0.030737704918032786
0 0.7155 0.3088407494145199 0.0698125 0.038056206088992975
0 0.5618958333333333 0.31323185011709603 0.06458333333333334 0.038056206088992975
0 0.35874999999999996 0.3183606557377049 0.0646875 0.036592505854800936
0 0.45252083333333337 0.3183606557377049 0.06460416666666667 0.036592505854800936
0 0.266375 0.32201405152224827 0.0568125 0.032201405152224825
0 0.17002083333333334 0.32275175644028103 0.05164583333333333 0.033665105386416865
0 0.08279166666666667 0.3271428571428571 0.059479166666666666 0.033665105386416865
0 0.6608333333333333 0.41496487119437936 0.06977083333333334 0.036592505854800936
0 0.4590416666666667 0.41569086651053866 0.05679166666666667 0.0351288056206089
0 0.36141666666666666 0.4164285714285714 0.06983333333333334 0.036592505854800936
0 0.17002083333333334 0.4164285714285714 0.056854166666666664 0.036592505854800936
0 0.5579791666666666 0.41715456674473067 0.07241666666666666 0.040983606557377046
0 0.26241666666666663 0.41861826697892274 0.06470833333333333 0.032201405152224825
1 0.17783333333333334 0.6974590163934427 0.08289583333333334 0.054156908665105384
1 0.310625 0.6989227166276346 0.07764583333333334 0.05122950819672131
1 0.4056666666666667 0.7033138173302108 0.07502083333333333 0.04537470725995316
1 0.504625 0.7077049180327869 0.08018750000000001 0.054156908665105384
1 0.6569375 0.715023419203747 0.09316666666666666 0.05708430913348946
1 0.1713333333333333 0.7852810304449649 0.08029166666666666 0.048302107728337235
1 0.3080208333333333 0.7933255269320844 0.06722916666666667 0.0468384074941452
1 0.4121875 0.8037236533957846 0.07241666666666666 0.052974238875878224
1 0.5514791666666666 0.8095784543325527 0.07497916666666667 0.05298594847775176
1 0.6608541666666666 0.8146838407494146 0.08014583333333333 0.05152224824355972
0 0.404375 0.8979859484777517 0.051583333333333335 0.033665105386416865
0 0.7727708333333333 0.09074941451990633 0.07502083333333333 0.040983606557377046
0 0.60875 0.10173302107728337 0.06460416666666667 0.036592505854800936
0 0.5045833333333333 0.11197892271662763 0.06987499999999999 0.033665105386416865
0 0.4030625 0.1149063231850117 0.059416666666666666 0.033665105386416865
