0 0.752 0.34543325526932084 0.06454166666666666 0.0351288056206089
0 0.6074791666666666 0.3490983606557377 0.07239583333333334 0.033665105386416865
0 0.46297916666666666 0.35202576112412176 0.059416666666666666 0.033665105386416865
0 0.3171666666666667 0.35495316159250584 0.06464583333333333 0.036592505854800936
0 0.7572083333333333 0.44570257611241215 0.059333333333333335 0.033665105386416865
0 0.6152916666666666 0.44862997658079623 0.06197916666666667 0.033665105386416865
0 0.4746875 0.4530210772833724 0.062000000000000006 0.033665105386416865
0 0.32758333333333334 0.45594847775175645 0.05422916666666667 0.033665105386416865
0 0.9225416666666667 0.6433021077283372 0.06189583333333334 0.036592505854800936
0 0.7819375 0.6454918032786885 0.06714583333333332 0.0351288056206089
0 0.6348333333333334 0.6528103044496487 0.059375 0.038056206088992975
0 0.49291666666666667 0.6572014051522248 0.062000000000000006 0.0351288056206089
0 0.34450000000000003 0.6615925058548009 0.06204166666666667 0.0351288056206089
0 0.1947708333333333 0.667447306791569 0.06989583333333332 0.038056206088992975
1 0.867875 0.7486885245901639 0.08272916666666667 0.048302107728337235
1 0.7194583333333333 0.7552693208430913 0.07756249999999999 0.049765807962529274
1 0.429125 0.7655152224824356 0.08545833333333334 0.049765807962529274
1 0.2781041666666667 0.7699063231850117 0.08549999999999999 0.05562060889929742
1 0.8001666666666666 0.8555386416861827 0.08275 0.048302107728337235
1 0.6569583333333333 0.8628571428571429 0.08279166666666667 0.05122950819672131
0 0.5098333333333334 0.8665105386416861 0.06460416666666667 0.038056206088992975
0 0.3627291666666667 0.8745667447306792 0.06725 0.036592505854800936
0 0.5957708333333334 0.9697072599531615 0.05416666666666667 0.030737704918032786
