0 0.6073958333333334 0.36562060889929743 0.03291666666666667 0.018629976580796254
0 0.6727916666666667 0.36572599531615924 0.035187500000000003 0.01927400468384075
0 0.5537708333333333 0.3663700234192037 0.03179166666666667 0.017985948477751756
0 0.5016666666666667 0.366943793911007 0.0329375 0.017985948477751756
0 0.44627083333333334 0.3673887587822014 0.036375000000000005 0.017985948477751756
0 0.3949166666666667 0.3679742388758782 0.03754166666666667 0.018629976580796254
0 0.32114583333333335 0.3686533957845433 0.032979166666666664 0.01927400468384075
0 0.6734791666666666 0.3933489461358314 0.03175 0.017985948477751756
0 0.32416666666666666 0.3968852459016393 0.034124999999999996 0.018629976580796254
0 0.6632916666666666 0.6427985948477752 0.03289583333333333 0.01605386416861827
0 0.5992083333333333 0.6448594847775176 0.03177083333333333 0.017341920374707262
0 0.5509166666666666 0.6463583138173302 0.03291666666666667 0.018629976580796254
0 0.5032916666666667 0.6476697892271663 0.030645833333333334 0.017985948477751756
0 0.4516041666666667 0.648559718969555 0.0318125 0.01990632318501171
