0 0.8808333333333334 0.33079625292740045 0.06191666666666666 0.0351288056206089
0 0.7258958333333333 0.33592505854800936 0.059354166666666666 0.030737704918032786
0 0.5762083333333333 0.3373887587822014 0.06197916666666667 0.033665105386416865
0 0.4199583333333334 0.3417798594847775 0.0568125 0.033665105386416865
0 0.89125 0.4376463700234192 0.05670833333333333 0.0351288056206089
0 0.7428541666666667 0.4427751756440281 0.056749999999999995 0.033665105386416865
0 0.5852916666666667 0.4449648711943794 0.059375 0.02927400468384075
0 0.43164583333333334 0.45081967213114754 0.05420833333333333 0.02927400468384075
0 0.9146875 0.6557377049180327 0.05670833333333333 0.0351288056206089
0 0.7584583333333333 0.6615925058548009 0.06716666666666667 0.040983606557377046
0 0.6009375 0.6652459016393443 0.06458333333333334 0.036592505854800936
0 0.4473125 0.6718384074941453 0.064625 0.038056206088992975
0 0.28977083333333337 0.6762295081967213 0.06727083333333334 0.0351288056206089
1 0.9794583333333333 0.7611241217798594 0.0410625 0.05269320843091335
1 0.8469791666666667 0.7691803278688525 0.08277083333333332 0.048302107728337235
1 0.5358333333333333 0.7794262295081967 0.08022916666666666 0.05122950819672131
1 0.37570833333333337 0.7874707259953162 0.08808333333333333 0.05269320843091335
1 0.938125 0.8818735362997658 0.098375 0.054156908665105384
1 0.7845 0.8848009367681499 0.09320833333333334 0.05708430913348946
0 0.624375 0.890655737704918 0.075 0.039519906323185014
0 0.46552083333333333 0.8987119437939111 0.08025 0.040983606557377046
0 0.7363333333333333 0.9861007025761124 0.059375 0.02781030444964871
