0 0.8118541666666667 0.3286065573770492 0.08014583333333333 0.042447306791569085
0 0.6582083333333333 0.3337236533957845 0.07497916666666667 0.0351288056206089
0 0.35227083333333337 0.33811475409836067 0.06722916666666667 0.038056206088992975
0 0.5020208333333334 0.33811475409836067 0.06979166666666667 0.038056206088992975
0 0.8170625 0.4354449648711944 0.06972916666666666 0.042447306791569085
0 0.6621458333333333 0.43911007025761123 0.07758333333333334 0.040983606557377046
0 0.5111041666666667 0.4435011709601874 0.0671875 0.038056206088992975
0 0.35354166666666664 0.4486182669789227 0.064625 0.033665105386416865
0 0.8339791666666667 0.6498829039812647 0.05670833333333333 0.0351288056206089
0 0.6751458333333333 0.6572014051522248 0.06716666666666667 0.040983606557377046
0 0.5306458333333334 0.6593911007025761 0.06458333333333334 0.036592505854800936
0 0.3718125 0.663056206088993 0.064625 0.038056206088992975
0 0.21427083333333333 0.667447306791569 0.06727083333333334 0.0351288056206089
1 0.9182708333333333 0.7581967213114754 0.07491666666666667 0.049765807962529274
1 0.7675625 0.7655152224824356 0.09058333333333332 0.049765807962529274
1 0.4590416666666667 0.7728337236533958 0.08804166666666666 0.05269320843091335
1 0.3002083333333333 0.7772248243559718 0.09329166666666668 0.049765807962529274
1 0.856125 0.8709016393442623 0.0905625 0.0585480093676815
1 0.7011875 0.8789461358313817 0.09841666666666667 0.060011709601873534
0 0.5384583333333333 0.8818735362997658 0.075 0.039519906323185014
0 0.3874166666666667 0.8884660421545667 0.08025 0.040983606557377046
0 0.6283124999999999 0.9866861826697892 0.07237500000000001 0.02663934426229508
