0 0.4590416666666667 0.40398126463700235 0.06727083333333334 0.0351288056206089
0 0.3418541666666667 0.4061826697892272 0.08293750000000001 0.042447306791569085
0 0.22549999999999998 0.4142271662763466 0.0605 0.043911007025761124
0 0.021145833333333332 0.4215456674473068 0.042270833333333334 0.049765807962529274
0 0.24112499999999998 0.5766978922716628 0.07089583333333334 0.040983606557377046
0 0.12708333333333333 0.5818266978922717 0.06991666666666667 0.04537470725995316
0 0.02375 0.5876814988290399 0.04747916666666666 0.04537470725995316
1 0.4902916666666667 0.745023419203747 0.09331249999999999 0.0585480093676815
1 0.3093125 0.7486885245901639 0.10116666666666667 0.054156908665105384
1 0.234625 0.9338407494145199 0.0839375 0.0585480093676815
1 0.04847916666666666 0.936768149882904 0.0969375 0.0585480093676815
