0 0.8859166666666667 0.36007025761124123 0.06152083333333334 0.038056206088992975
0 0.7596875 0.3644613583138173 0.07512500000000001 0.040983606557377046
0 0.6329583333333333 0.3673887587822014 0.07352083333333333 0.040983606557377046
0 0.3895208333333333 0.3747072599531616 0.06570833333333333 0.038056206088992975
0 0.2676458333333333 0.3790983606557377 0.07514583333333333 0.040983606557377046
0 0.14920833333333333 0.3834894613583138 0.07772916666666667 0.038056206088992975
0 0.6472708333333334 0.5401053864168618 0.07089583333333334 0.040983606557377046
0 0.5254166666666666 0.5423067915690867 0.06991666666666667 0.042447306791569085
0 0.4012291666666667 0.5459601873536299 0.07352083333333333 0.040983606557377046
1 0.9158541666666667 0.7179508196721311 0.09535416666666667 0.060011709601873534
1 0.7206666666666667 0.7216042154566745 0.10116666666666667 0.06147540983606557
1 0.3392291666666667 0.7238056206088993 0.10377083333333334 0.060011709601873534
1 0.15441666666666667 0.7267330210772833 0.09856250000000001 0.060011709601873534
1 0.4442083333333333 0.9089578454332553 0.0969375 0.0585480093676815
1 0.6368541666666666 0.9104215456674473 0.09695833333333333 0.06440281030444965
