0 0.9874583333333333 0.35714285714285715 0.025062499999999998 0.043911007025761124
0 0.8872708333333333 0.36007025761124123 0.07512500000000001 0.040983606557377046
0 0.7578958333333333 0.3629976580796253 0.07352083333333333 0.040983606557377046
0 0.5118958333333333 0.37543325526932086 0.06570833333333333 0.039519906323185014
0 0.39783333333333337 0.3790983606557377 0.07514583333333333 0.040983606557377046
0 0.2845833333333333 0.3805620608899297 0.07772916666666667 0.038056206088992975
0 0.7722291666666667 0.5357142857142857 0.07089583333333334 0.040983606557377046
0 0.6399583333333333 0.5408430913348946 0.06991666666666667 0.042447306791569085
0 0.5236041666666666 0.5415690866510539 0.07352083333333333 0.040983606557377046
1 0.2845833333333333 0.715023419203747 0.09856250000000001 0.060011709601873534
1 0.8482291666666666 0.715023419203747 0.10116666666666667 0.054156908665105384
1 0.46681249999999996 0.7164871194379391 0.10377083333333334 0.060011709601873534
1 0.5691666666666666 0.8987119437939111 0.0969375 0.0585480093676815
1 0.7618125 0.900175644028103 0.09695833333333333 0.06440281030444965
