0 0.8222708333333333 0.29713114754098363 0.07502083333333333 0.040983606557377046
0 0.6569375 0.30372365339578455 0.077625 0.039519906323185014
0 0.5462708333333333 0.3095784543325527 0.06987499999999999 0.033665105386416865
0 0.4499583333333333 0.3125058548009368 0.059416666666666666 0.033665105386416865
0 0.3015208333333333 0.3205503512880562 0.0646875 0.038056206088992975
0 0.22083333333333333 0.32421545667447305 0.059479166666666666 0.033665105386416865
0 0.12527083333333333 0.3286065573770492 0.0526875 0.036592505854800936
0 0.8196666666666667 0.400327868852459 0.07502083333333333 0.039519906323185014
0 0.7103125 0.40398126463700235 0.06460416666666667 0.038056206088992975
0 0.5983541666666666 0.4076463700234192 0.064625 0.033665105386416865
0 0.49291666666666667 0.4112997658079625 0.06720833333333333 0.0351288056206089
0 0.29891666666666666 0.4178805620608899 0.06470833333333333 0.036592505854800936
0 0.21379166666666669 0.419344262295082 0.06310416666666667 0.033665105386416865
0 0.12658333333333333 0.4215456674473068 0.07610416666666667 0.0351288056206089
0 0.5957708333333334 0.507903981264637 0.06458333333333334 0.038056206088992975
0 0.5059375 0.5086416861826698 0.051583333333333335 0.036592505854800936
0 0.7597916666666666 0.509367681498829 0.0698125 0.038056206088992975
0 0.2937083333333333 0.5130327868852459 0.0646875 0.036592505854800936
0 0.20779166666666665 0.5130327868852459 0.06991666666666667 0.039519906323185014
0 0.12008333333333333 0.5137587822014051 0.06310416666666667 0.038056206088992975
0 0.2845625 0.6103629976580797 0.04127083333333333 0.032201405152224825
0 0.19427083333333334 0.6132903981264637 0.05529166666666666 0.0351288056206089
0 0.5033333333333333 0.6147540983606558 0.051583333333333335 0.0351288056206089
0 0.6022708333333333 0.6176814988290398 0.07241666666666666 0.040983606557377046
0 0.7103333333333333 0.6184192037470726 0.07497916666666667 0.042447306791569085
1 0.3249791666666667 0.9250585480093677 0.0750625 0.05562060889929742
1 0.4278125 0.9323770491803278 0.06722916666666667 0.049765807962529274
1 0.5358750000000001 0.9426229508196722 0.08022916666666666 0.05269320843091335
1 0.7038333333333333 0.9565339578454333 0.09318749999999999 0.060011709601873534
