0 0.7155416666666666 0.32201405152224827 0.06454166666666666 0.0351288056206089
0 0.5684166666666666 0.3271428571428571 0.07239583333333334 0.033665105386416865
0 0.4187083333333333 0.3286065573770492 0.059416666666666666 0.033665105386416865
0 0.2702916666666667 0.33446135831381735 0.06464583333333333 0.036592505854800936
0 0.72075 0.4237470725995316 0.059333333333333335 0.033665105386416865
0 0.5762291666666666 0.42960187353629975 0.06197916666666667 0.033665105386416865
0 0.43041666666666667 0.4339929742388759 0.062000000000000006 0.033665105386416865
0 0.28070833333333334 0.438384074941452 0.059437500000000004 0.033665105386416865
0 0.8938958333333333 0.6242740046838408 0.06189583333333334 0.036592505854800936
0 0.742875 0.6308548009367682 0.06714583333333332 0.0351288056206089
0 0.5957708333333334 0.6323185011709602 0.059375 0.038056206088992975
0 0.4486458333333333 0.6396370023419203 0.062000000000000006 0.0351288056206089
0 0.30283333333333334 0.6440281030444965 0.06204166666666667 0.0351288056206089
0 0.1505 0.6498829039812647 0.06989583333333332 0.038056206088992975
1 0.8262083333333333 0.7296604215456675 0.08272916666666667 0.048302107728337235
1 0.6817083333333334 0.7377049180327869 0.08537499999999999 0.05269320843091335
1 0.39266666666666666 0.7479508196721312 0.08545833333333334 0.049765807962529274
1 0.2338333333333333 0.7567330210772834 0.08549999999999999 0.05562060889929742
1 0.7663125 0.8387002341920374 0.08275 0.049765807962529274
1 0.6204999999999999 0.8438290398126463 0.08279166666666667 0.05122950819672131
0 0.4759791666666667 0.8533372365339579 0.06460416666666667 0.038056206088992975
0 0.32627083333333334 0.8599297423887587 0.06725 0.036592505854800936
0 0.5671250000000001 0.9565339578454333 0.05416666666666667 0.030737704918032786
