0 0.5358750000000001 0.272248243559719 0.07502083333333333 0.040983606557377046
0 0.25987499999999997 0.28762295081967215 0.06987499999999999 0.033665105386416865
0 0.1609375 0.29347775175644025 0.059479166666666666 0.033665105386416865
0 0.026333333333333334 0.3022599531615925 0.0526875 0.036592505854800936
0 0.529375 0.38276346604215455 0.08283333333333333 0.039519906323185014
0 0.21431250000000002 0.39740046838407495 0.06729166666666667 0.039519906323185014
0 0.1140625 0.39959016393442626 0.06991666666666667 0.038056206088992975
0 0.025041666666666667 0.40105386416861827 0.050083333333333334 0.038056206088992975
0 0.4812083333333333 0.49765807962529274 0.0698125 0.038056206088992975
0 0.213 0.49985948477751757 0.0646875 0.036592505854800936
0 0.021145833333333332 0.5013231850117096 0.042270833333333334 0.033665105386416865
0 0.11145833333333334 0.5013231850117096 0.06991666666666667 0.039519906323185014
0 0.01983333333333333 0.6059718969555035 0.03966666666666666 0.0351288056206089
0 0.10493749999999999 0.6067096018735363 0.07252083333333334 0.039519906323185014
0 0.20389583333333333 0.6067096018735363 0.04125 0.036592505854800936
1 0.14139583333333333 0.9426229508196722 0.08291666666666667 0.049765807962529274
1 0.25206249999999997 0.949215456674473 0.08029166666666666 0.05122950819672131
1 0.4252083333333333 0.9579976580796253 0.1036875 0.06586651053864169
