0 0.4121875 0.27737704918032785 0.0724375 0.036592505854800936
0 0.24556250000000002 0.28688524590163933 0.07247916666666666 0.0351288056206089
0 0.13879166666666667 0.29201405152224824 0.06210416666666666 0.036592505854800936
0 0.04635416666666667 0.2993325526932084 0.059520833333333335 0.033665105386416865
0 0.18435416666666665 0.3951990632318501 0.06989583333333332 0.0351288056206089
0 0.09452083333333333 0.39886416861826696 0.05689583333333333 0.036592505854800936
0 0.014624999999999999 0.400327868852459 0.029249999999999998 0.036592505854800936
0 0.36793750000000003 0.4983957845433255 0.06204166666666667 0.036592505854800936
0 0.09583333333333334 0.5020491803278688 0.07512500000000001 0.038056206088992975
0 0.0159375 0.5027868852459016 0.03185416666666666 0.042447306791569085
0 0.084125 0.6096370023419204 0.05689583333333333 0.033665105386416865
1 0.03285416666666666 0.9418969555035128 0.06570833333333333 0.04537470725995316
1 0.1375 0.949215456674473 0.08554166666666667 0.048302107728337235
1 0.30283333333333334 0.9579976580796253 0.09329166666666668 0.054156908665105384
