0 0.6471041666666667 0.35872365339578455 0.028645833333333332 0.01607728337236534
0 0.583125 0.36096018735362995 0.030166666666666668 0.01572599531615925
0 0.5342291666666666 0.36245901639344263 0.0299375 0.016440281030444964
0 0.4830833333333333 0.36348946135831384 0.02802083333333333 0.016323185011709603
0 0.4342083333333333 0.36425058548009365 0.029333333333333333 0.016323185011709603
0 0.3844166666666667 0.36574941451990634 0.029770833333333333 0.016440281030444964
0 0.31670833333333337 0.367728337236534 0.0304375 0.017634660421545666
0 0.6485416666666667 0.3856791569086651 0.02754166666666667 0.016323185011709603
0 0.319125 0.39499999999999996 0.030395833333333334 0.017131147540983608
0 0.6567291666666667 0.6250585480093677 0.028 0.01646370023419204
0 0.5941041666666667 0.6270491803278688 0.028458333333333332 0.015456674473067915
0 0.5483125 0.6297540983606557 0.0278125 0.016405152224824356
0 0.5003333333333333 0.6313817330210774 0.029666666666666668 0.01633489461358314
0 0.4544583333333333 0.6339110070257611 0.029187499999999998 0.015960187353629977
0 0.40712499999999996 0.6353395784543326 0.028291666666666666 0.016428571428571428
0 0.3433333333333334 0.6378805620608899 0.0295625 0.016159250585480095
0 0.6568958333333333 0.6488056206088993 0.029333333333333333 0.01708430913348946
0 0.3450625 0.663103044496487 0.0288125 0.015784543325526933
