0 0.6452500000000001 0.414847775175644 0.035187500000000003 0.01927400468384075
0 0.5823333333333333 0.4179976580796253 0.03291666666666667 0.018629976580796254
0 0.5329791666666667 0.42017564402810303 0.034687499999999996 0.019613583138173303
0 0.48433333333333334 0.42088992974238876 0.0329375 0.017985948477751756
0 0.43577083333333333 0.4222950819672131 0.036375000000000005 0.017985948477751756
0 0.3870625 0.4247775175644028 0.03754166666666667 0.018629976580796254
0 0.32304166666666667 0.42601873536299767 0.032979166666666664 0.01927400468384075
0 0.646875 0.4408313817330211 0.03175 0.017985948477751756
0 0.324625 0.45091334894613583 0.034124999999999996 0.018629976580796254
0 0.5942500000000001 0.678992974238876 0.03177083333333333 0.017341920374707262
0 0.5057708333333334 0.6801990632318501 0.030645833333333334 0.017985948477751756
0 0.5496458333333333 0.6810772833723653 0.03291666666666667 0.018629976580796254
