0 0.5501874999999999 0.2861592505854801 0.07239583333333334 0.039519906323185014
0 0.6973125 0.28688524590163933 0.06454166666666666 0.0351288056206089
0 0.40047916666666666 0.28908665105386416 0.059416666666666666 0.033665105386416865
0 0.25466666666666665 0.29201405152224824 0.06464583333333333 0.036592505854800936
0 0.5579999999999999 0.3886182669789227 0.06197916666666667 0.033665105386416865
0 0.7025208333333333 0.3886182669789227 0.059333333333333335 0.033665105386416865
0 0.4095833333333333 0.39447306791569087 0.062000000000000006 0.033665105386416865
0 0.25987499999999997 0.3959367681498829 0.059437500000000004 0.033665105386416865
0 0.8574375 0.5876814988290399 0.06189583333333334 0.036592505854800936
0 0.7168333333333333 0.5913348946135831 0.06714583333333332 0.0351288056206089
0 0.5658333333333334 0.5971896955503513 0.06197916666666667 0.038056206088992975
0 0.4252083333333333 0.6001170960187353 0.062000000000000006 0.0351288056206089
0 0.27939583333333334 0.6030444964871194 0.06204166666666667 0.0351288056206089
0 0.12185416666666667 0.6059718969555035 0.06989583333333332 0.038056206088992975
1 0.7910625 0.6937939110070258 0.08533333333333333 0.05269320843091335
1 0.6426458333333334 0.6981850117096019 0.09058333333333332 0.05562060889929742
1 0.35360416666666666 0.7084309133489461 0.095875 0.05562060889929742
1 0.20389583333333333 0.7128220140515222 0.09331249999999999 0.0585480093676815
1 0.72725 0.8006440281030445 0.08275 0.049765807962529274
1 0.5814374999999999 0.8013817330210773 0.08279166666666667 0.05122950819672131
0 0.4395208333333333 0.8094262295081968 0.06460416666666667 0.038056206088992975
0 0.28720833333333334 0.8130913348946136 0.06725 0.036592505854800936
0 0.5150416666666666 0.9111592505854801 0.05416666666666667 0.030737704918032786
