0 0.635125 0.449192037470726 0.028645833333333332 0.01607728337236534
0 0.576125 0.451135831381733 0.030166666666666668 0.01572599531615925
0 0.5305 0.45288056206088995 0.0299375 0.016440281030444964
0 0.48775 0.45389929742388757 0.02802083333333333 0.016323185011709603
0 0.44164583333333335 0.4547423887587822 0.029333333333333333 0.016323185011709603
0 0.3971458333333333 0.4559953161592506 0.029770833333333333 0.016440281030444964
0 0.33518749999999997 0.4583489461358314 0.029854166666666668 0.016311475409836067
0 0.6358125 0.4739812646370023 0.02754166666666667 0.016323185011709603
0 0.6444583333333332 0.6950585480093677 0.028 0.01646370023419204
0 0.5868541666666667 0.6976814988290398 0.028458333333333332 0.015456674473067915
0 0.5433125000000001 0.6992974238875879 0.0278125 0.016405152224824356
0 0.5003333333333333 0.7013700234192037 0.0285 0.015351288056206088
0 0.4576041666666667 0.70307962529274 0.028687499999999998 0.014836065573770492
0 0.4118541666666667 0.7049531615925059 0.027791666666666666 0.015585480093676815
0 0.35052083333333334 0.7074707259953161 0.0295625 0.016159250585480095
0 0.6452708333333333 0.7173653395784543 0.029333333333333333 0.01708430913348946
0 0.3525625 0.7302576112412178 0.0288125 0.015784543325526933
