0 0.42260416666666667 0.30665105386416863 0.0568125 0.033665105386416865
0 0.5658333333333334 0.30811475409836064 0.06197916666666667 0.033665105386416865
0 0.7077291666666666 0.3110421545667447 0.059354166666666666 0.030737704918032786
0 0.8444375 0.31323185011709603 0.06191666666666666 0.0351288056206089
0 0.42391666666666666 0.4069086651053864 0.05420833333333333 0.02927400468384075
0 0.5619166666666667 0.4098360655737705 0.059375 0.02927400468384075
0 0.8392291666666666 0.4127634660421546 0.05670833333333333 0.0351288056206089
0 0.7038333333333333 0.41350117096018735 0.056749999999999995 0.033665105386416865
0 0.9655208333333333 0.6059718969555035 0.059270833333333335 0.0351288056206089
0 0.5580208333333334 0.6074355971896955 0.05677083333333333 0.0351288056206089
0 0.6973125 0.6074355971896955 0.059354166666666666 0.0351288056206089
0 0.4213125 0.6081733021077284 0.05420833333333333 0.033665105386416865
0 0.27158333333333334 0.6088992974238876 0.06727083333333334 0.0351288056206089
0 0.836625 0.6088992974238876 0.05670833333333333 0.0351288056206089
1 0.8991041666666667 0.7040398126463701 0.07752083333333333 0.0468384074941452
1 0.7663125 0.7077049180327869 0.08277083333333332 0.048302107728337235
1 0.4863958333333333 0.709168618266979 0.08022916666666666 0.05122950819672131
1 0.34450000000000003 0.7113583138173302 0.08808333333333333 0.05269320843091335
1 0.8275 0.8021077283372365 0.0749375 0.049765807962529274
0 0.5567083333333334 0.8079625292740047 0.06458333333333334 0.0351288056206089
1 0.6960208333333333 0.8079625292740047 0.08279166666666667 0.05269320843091335
0 0.4135 0.8108899297423887 0.06983333333333334 0.038056206088992975
0 0.6296250000000001 0.9067564402810304 0.059375 0.02781030444964871
