0 0.7948958333333334 0.40544496487119436 0.06727083333333334 0.0351288056206089
0 0.6763958333333334 0.4098360655737705 0.07512500000000001 0.040983606557377046
0 0.5522291666666667 0.41569086651053866 0.07352083333333333 0.040983606557377046
0 0.31143750000000003 0.42373536299765807 0.06570833333333333 0.039519906323185014
0 0.19735416666666666 0.430327868852459 0.07514583333333333 0.040983606557377046
0 0.08410416666666666 0.43471896955503514 0.07772916666666667 0.038056206088992975
0 0.5613541666666666 0.586943793911007 0.07089583333333334 0.040983606557377046
0 0.4395 0.5891451990632318 0.06991666666666667 0.042447306791569085
0 0.31793750000000004 0.5942622950819673 0.07352083333333333 0.040983606557377046
1 0.6451666666666667 0.7691803278688525 0.10116666666666667 0.054156908665105384
1 0.8391666666666667 0.7699063231850117 0.09331249999999999 0.0585480093676815
1 0.26375 0.7735714285714286 0.10377083333333334 0.060011709601873534
1 0.08410416666666666 0.7750351288056206 0.09856250000000001 0.060011709601873534
1 0.3661041666666666 0.9587236533957846 0.0969375 0.0585480093676815
1 0.5561458333333333 0.9601873536299765 0.09695833333333333 0.06440281030444965
