0 0.9171666666666667 0.351288056206089 0.06152083333333334 0.038056206088992975
0 0.7883333333333333 0.3556791569086651 0.07512500000000001 0.040983606557377046
0 0.6616041666666667 0.36153395784543324 0.07352083333333333 0.040983606557377046
0 0.4181666666666667 0.3659250585480094 0.06570833333333333 0.038056206088992975
0 0.2962916666666667 0.37177985948477754 0.07514583333333333 0.040983606557377046
0 0.17785416666666667 0.37324355971896955 0.07772916666666667 0.038056206088992975
0 0.6759166666666666 0.5298594847775175 0.07089583333333334 0.040983606557377046
0 0.5540625 0.5335245901639344 0.06991666666666667 0.042447306791569085
0 0.4272708333333333 0.5371779859484778 0.07352083333333333 0.040983606557377046
1 0.9523125 0.7077049180327869 0.09535416666666667 0.060011709601873534
1 0.757125 0.7098946135831382 0.10116666666666667 0.06147540983606557
1 0.3704791666666667 0.7179508196721311 0.10377083333333334 0.060011709601873534
1 0.18827083333333333 0.7179508196721311 0.09856250000000001 0.060011709601873534
1 0.4754583333333333 0.897248243559719 0.0969375 0.0585480093676815
1 0.6733125 0.8987119437939111 0.09695833333333333 0.06440281030444965
