0 0.3015 0.12587822014051522 0.0646875 0.038056206088992975
0 0.2051875 0.13539812646370022 0.059479166666666666 0.033665105386416865
0 0.11091666666666668 0.13978922716627634 0.0605 0.036592505854800936
0 0.82225 0.19833723653395785 0.07502083333333333 0.039519906323185014
0 0.7181041666666667 0.20272833723653394 0.064625 0.033665105386416865
0 0.4994166666666667 0.21223653395784545 0.06979166666666667 0.032201405152224825
0 0.6061666666666666 0.21223653395784545 0.06460416666666667 0.038056206088992975
0 0.404375 0.22101873536299765 0.06720833333333333 0.0351288056206089
0 0.30283333333333334 0.2268735362997658 0.0568125 0.0351288056206089
0 0.21116666666666667 0.2290632318501171 0.06310416666666667 0.033665105386416865
0 0.12056249999999999 0.23346604215456673 0.06208333333333334 0.030737704918032786
0 0.7649791666666667 0.3073770491803279 0.0698125 0.038056206088992975
0 0.6009583333333333 0.31469555035128804 0.06458333333333334 0.038056206088992975
0 0.5046041666666666 0.3183606557377049 0.06460416666666667 0.036592505854800936
0 0.40041666666666664 0.32275175644028103 0.0646875 0.036592505854800936
0 0.30283333333333334 0.32494145199063235 0.0568125 0.032201405152224825
0 0.20908333333333334 0.3271428571428571 0.05164583333333333 0.033665105386416865
0 0.12445833333333334 0.3300702576112412 0.059479166666666666 0.033665105386416865
0 0.7129166666666666 0.41789227166276344 0.06977083333333334 0.036592505854800936
0 0.6100625 0.41861826697892274 0.07241666666666666 0.040983606557377046
0 0.5007083333333333 0.42008196721311475 0.05679166666666667 0.0351288056206089
0 0.40047916666666666 0.4208196721311475 0.06983333333333334 0.036592505854800936
0 0.3092916666666667 0.4215456674473068 0.06470833333333333 0.032201405152224825
0 0.21429166666666666 0.4237470725995316 0.056854166666666664 0.036592505854800936
1 0.2116875 0.7047775175644028 0.08289583333333334 0.054156908665105384
1 0.3496875 0.712096018735363 0.07764583333333334 0.05122950819672131
1 0.4499375 0.715023419203747 0.07502083333333333 0.04537470725995316
1 0.5515000000000001 0.7194145199063232 0.08018750000000001 0.054156908665105384
1 0.7090208333333333 0.7281967213114754 0.09316666666666666 0.05708430913348946
1 0.213 0.7955269320843091 0.08029166666666666 0.048302107728337235
1 0.34447916666666667 0.8050351288056206 0.06722916666666667 0.0468384074941452
1 0.4486458333333333 0.8154332552693209 0.07241666666666666 0.052974238875878224
1 0.6009583333333333 0.824215456674473 0.07497916666666667 0.05298594847775176
1 0.7077291666666666 0.8300585480093677 0.0905625 0.05884074941451991
0 0.8300625 0.08782201405152225 0.07502083333333333 0.040983606557377046
0 0.45125 0.9126229508196722 0.051583333333333335 0.033665105386416865
0 0.6608333333333333 0.09734192037470725 0.06460416666666667 0.036592505854800936
0 0.5514583333333333 0.10905152224824355 0.06987499999999999 0.033665105386416865
0 0.442125 0.1149063231850117 0.059416666666666666 0.033665105386416865
