0 0.642625 0.2781030444964871 0.07502083333333333 0.040983606557377046
0 0.47729166666666667 0.28908665105386416 0.077625 0.039519906323185014
0 0.26247916666666665 0.29640515222482433 0.06987499999999999 0.033665105386416865
0 0.1166875 0.30518735362997657 0.059479166666666666 0.033665105386416865
0 0.026333333333333334 0.3125058548009368 0.0526875 0.036592505854800936
0 0.642625 0.3871545667447307 0.07502083333333333 0.039519906323185014
0 0.5254583333333334 0.39227166276346603 0.06460416666666667 0.038056206088992975
0 0.41610416666666666 0.39447306791569087 0.064625 0.033665105386416865
0 0.21431250000000002 0.39740046838407495 0.06729166666666667 0.039519906323185014
0 0.1140625 0.39959016393442626 0.06991666666666667 0.038056206088992975
0 0.025041666666666667 0.40105386416861827 0.050083333333333334 0.038056206088992975
0 0.213 0.49985948477751757 0.0646875 0.036592505854800936
0 0.021145833333333332 0.5013231850117096 0.042270833333333334 0.033665105386416865
0 0.11145833333333334 0.5013231850117096 0.06991666666666667 0.039519906323185014
0 0.5723333333333334 0.5020491803278688 0.0698125 0.038056206088992975
0 0.01983333333333333 0.6059718969555035 0.03966666666666666 0.0351288056206089
0 0.10493749999999999 0.6067096018735363 0.07252083333333334 0.039519906323185014
0 0.529375 0.6118266978922716 0.07241666666666666 0.040983606557377046
1 0.14139583333333333 0.9338407494145199 0.07252083333333334 0.0468384074941452
1 0.24035416666666667 0.9411592505854801 0.08289583333333334 0.05269320843091335
1 0.35231250000000003 0.9484777517564403 0.082875 0.05269320843091335
1 0.52025 0.9653161592505854 0.09585416666666666 0.06586651053864169
