0 0.5775208333333333 0.2576112412177986 0.06454166666666666 0.0351288056206089
0 0.42260416666666667 0.2627400468384075 0.07239583333333334 0.039519906323185014
0 0.2702708333333333 0.2642037470725995 0.059416666666666666 0.033665105386416865
0 0.10885416666666667 0.2642037470725995 0.06464583333333333 0.036592505854800936
0 0.5853333333333333 0.3637353629976581 0.059333333333333335 0.033665105386416865
0 0.4408125 0.36959016393442623 0.06197916666666667 0.033665105386416865
0 0.28197916666666667 0.3739812646370023 0.062000000000000006 0.033665105386416865
0 0.121875 0.3754449648711944 0.059437500000000004 0.033665105386416865
0 0.7532708333333333 0.5657259953161592 0.06189583333333334 0.036592505854800936
0 0.6048541666666666 0.5708430913348946 0.06714583333333332 0.0351288056206089
0 0.45385416666666667 0.582552693208431 0.06197916666666667 0.038056206088992975
0 0.30541666666666667 0.5898711943793911 0.062000000000000006 0.0351288056206089
0 0.15179166666666666 0.5927985948477752 0.06204166666666667 0.0351288056206089
1 0.23641666666666666 0.699648711943794 0.095875 0.05562060889929742
1 0.08149999999999999 0.7069672131147541 0.09331249999999999 0.0585480093676815
1 0.6282916666666666 0.7874707259953162 0.08275 0.049765807962529274
