0 0.49304166666666666 0.3848594847775176 0.035187500000000003 0.01927400468384075
0 0.4311458333333333 0.3888407494145199 0.03291666666666667 0.018629976580796254
0 0.3817083333333333 0.3909133489461358 0.034687499999999996 0.019613583138173303
0 0.332625 0.39319672131147543 0.0329375 0.017985948477751756
0 0.2846041666666667 0.39477751756440277 0.029312500000000002 0.016557377049180328
0 0.233375 0.39669789227166274 0.03320833333333333 0.01806791569086651
0 0.49716666666666665 0.41181498829039814 0.030520833333333334 0.018278688524590164
0 0.5256041666666667 0.642224824355972 0.02814583333333333 0.016475409836065574
0 0.46829166666666666 0.6462997658079626 0.022166666666666668 0.01826697892271663
0 0.5281666666666667 0.6664754098360656 0.030083333333333333 0.015925058548009366
