0 0.628125 0.228125 0.23125 0.17421875
0 0.63828125 0.1953125 0.03984375 0.040625
0 0.6671875 0.203125 0.03671875 0.04140625
0 0.66875 0.22578125 0.00859375 0.0125
0 0.69453125 0.21640625 0.03671875 0.0453125
0 0.60078125 0.221875 0.021875 0.03359375
0 0.62578125 0.234375 0.0296875 0.03828125
0 0.646875 0.24140625 0.0359375 0.04140625
0 0.6515625 0.26484375 0.009375 0.0109375
0 0.6796875 0.25859375 0.0296875 0.04140625
0 0.55546875 0.25078125 0.0234375 0.0375
0 0.57421875 0.25234375 0.040625 0.0453125
0 0.57734375 0.27734375 0.009375 0.0109375
0 0.62734375 0.28125 0.0390625 0.03671875
0 0.63203125 0.30234375 0.0109375 0.0109375
0 0.66015625 0.2953125 0.02578125 0.03671875
